-0.8954195509179276
60.27361942805575
-5.896251280399407
-0.0
57.11042394424209
-5.957282767955353
-0.0
5.061863217037426
3.1631954838136638
-3.2628285890558453
-4.4934084085661885
-3.2628118900082694
-4.493391709518613
2.83576409567173e-5
4.505668853190076e-5
3.105620972322496e-5
4.7755257298949636e-5
-0.0
-0.0
2.181782365601951e-5
3.851687123138467e-5
-2.5181754322784027
-3.7487552517887455
1.1964739534988729
0.7446815144183991
0.42384438027638066
-0.61950769905464
0.7446842129871657
-0.0
0.7446749746010985
-1.5388605004169604
-3.2628221634713372
-0.32080235091655407
-1.3641544302475748
-0.6634441048113155
1.2352236284124467
2.278575707743468
-4.499842495620551
-63.54442887241541
-62.501076793084394
1.916078413099093
-56.20639909381073
6.294677699273664
1.7054500910323669
1.7054500910323669
-5.366395806207579
-0.015492026262822253
3.876492161137006
7.97731146356344
-2.077494836627563
-2.0774722149572473
-2.077457533155425
2.559179811021846
0.7446923806504088
1.9204008285820466e-6
2.454207114485363e-5
3.922387296596978e-5
-1.3328043763779824
-5.433623678804417
0.5219269510891044
-3.57889235133733
1.5547456429574584
-2.546073659468976
-19.565405280211362
-22.686898061791748
-17.614838559146325
-18.45924846200751
3.9892283362402132
4.916599045712674
4.916577843286507
8.61824638185897
-11.432579867166657
8.618267584285139
-0.4403252521300622
-1.1579807538134401
3.3459776028131354
-0.0
0.7960161878893899
-21.371077762313142
-18.645717216318893
-0.0
2.1881895887630094
2.188212210433326
2.188226892235147
2.188243591282723
-0.0
-0.0
2.93288004901259
-20.47262229785412
-0.0
-19.727969141076674
-45.01547461142516
-0.0
39.939284797887375
42.14543788504414
-0.0
-20.021149763442573
-20.050748265275903
-24.75261062084611
-0.0
-19.888437346435577
-0.0
-0.0
-0.0
-0.0
-0.0
-20.25254271941124
-20.050748265275903
-20.050748265275903
-0.0
-25.99196847515676
-Inf
-Inf
-20.050748265275903
-20.050748265275903
-0.0
-0.0
-0.0
-0.0
20.050748265275903
-0.0
-0.0
-0.0
-0.0
-0.0
-0.0
Inf
-0.0
-20.252563921837407
-26.37661219450748
Inf
-0.0
-0.20230482256988805
-0.0
-40.30335519041215
-Inf
-0.0
-0.0
-0.922297795902492
-0.0
-0.0
-0.3027604340503213
0.11052089596586252
0.7300582578180332
-0.0
-20.050748265275903
-21.605496736415887
-22.09459043359234
-0.0
-0.0
-0.0
-8.223580357247805
1.3203622638784878
-Inf
Inf
Inf
-0.0
-0.0
8.372984115631164
1.3203294970372423
-0.14707048750876386
1.3203834663046552
1.3203294970372423
-0.0
-0.0
1.3203294970372423
1.3203294970372423
-0.0
1.3203294970372423
1.3203294970372423
Inf
1.3203294970372423
1.3203294970372423
-0.0
-0.0
8.372962913204995
1.3203919222988139
1.320370719872646
1.3204324636422258
1.3204112612160581
1.3200797580297752
1.3200585556036077
1.556703212897855
1.5566820104716879
1.3204324636422258
1.3204112612160583
-0.0
-0.0
1.3203294970372423
-0.0
-0.0
-0.0
-0.9848203993446715
-3.091943069294116
-21.73793232135014
-18.64598925205603
-38.29463647126731
-16.4161541300003
-21.878482341267006
-38.29461526884114
-18.71459355475643
-25.14331399132573
-43.85790754608215
-0.0
-0.0
-0.0
-0.0
-0.0
-0.0
-14.760963004720564
-12.217275219961541
-0.0
-16.911490579765875
3.1393220815686367
3.139308748917251
-0.0
-17.233389989264076
-0.0
-3.668955460575937
-0.0
-1.9101785108695875
-0.0
-1.1655253540921442
-2.924302303798493
3.6543605616165262
-21.22961185340148
-21.229633055827644
-1.1788125247183534
-Inf
-Inf
-0.0
22.8915407252292
-23.605022949269383
-24.109900142768133
-24.109878940341968
-0.0
-0.0
-0.0
-3.554763850001863
1.4082219453194924
-0.0
-20.050769467702068
-20.050769467702068
-18.642611918441187
3.031692100350441
-20.29529642001716
-20.295317622443328
4.6843978043525825
-18.973228950070318
-19.539858869183366
-18.97320774764415
-19.539837666757197
-8.906379367508395
-3.9611501622207745
-1.7391640211020896
-6.684393226389708
-0.0
-0.0
-0.0
4.1898356754390855
6.886646671622406
1.9414174663347885
-19.29063071798872
-30.60243992418565
-1.1363491515981432
-10.998429470288016
-9.726694086720109
-18.40035195066276
Inf
Inf
-0.0
-16.032500133923367
-0.0
-0.0
-0.0
-18.388671258834854
-17.30881319495535
-21.628448084387017
-24.04818890008134
0.8969854818604935
4.396584361434317
25.462319962661113
-22.18776427315485
-41.07144320914312
-41.07142200671696
-0.0
-0.0
22.988549186749495
-3.4484531060946004
-0.0
1.5062085884520444
7.359573090821709
-2.3687065809073395
-0.0
-0.147091689934932
-0.0
-0.14712008059671192
3.076569125289092
