-4.107494170177739
45.39733813097022
-7.306223926729139
-0.0
52.19385488705264
-3.3732207404957957
-0.0
-0.734273429681944
-6.79651675608242
-4.000799514901195
-10.715787287136354
-2.649485327641569
-9.364473099876728
1.8633419470281336
3.2146561342877598
1.6197400545800333
2.97105424183966
-0.0
-0.0
0.8202172190832773
2.1715314063429036
-0.7500008391683978
-7.464988611403556
-9.09613812284084
5.114140622760932
-9.269568870766697
5.312242487232079
4.870538730312831
-0.0
4.071015894816075
-11.028203224012998
-3.321682745264393
-11.841250776862692
2.7405605811360836
0.36499045875943015
6.427233785159908
-8.15457757283887
7.110928131408945
-39.261840597919374
-53.84365195591815
1.3282571233896725
-55.86996801559604
-2.026316059677886
-2.0202763769046865
-2.0202763769046865
-14.180833082263478
-1.9126897950986803
-0.8294705978658872
-5.827668230275317
-4.310636087352769
-4.701716689822565
-3.9056023467172514
0.42841552624833834
-0.3125958288484382
-3.968428245216753
-4.359508847686549
-3.563394504581235
-0.6548036709844545
4.343393961424975
0.46018762694337406
5.458385259352803
-16.296040149167897
-11.297842516758468
-3.941143201546195
-16.193237329812334
-4.803995076400087
-8.171043197372235
4.122538436724555
-0.9429367404855914
3.340267374736393
0.9844527458953809
-2.145376752398232
-3.298751369326603
3.6695597517061955
0.8715403599906705
-1.4697277803165927
-0.0
-4.555646600230614
-6.512596391579228
-8.517095390466677
-0.0
0.5934079939787327
0.20232739150893678
0.9984417346142508
2.3497559218738773
-0.0
-0.0
4.249240410347048
-4.254326067627513
-0.0
-1.0035273918947154
-21.472084615410516
-0.0
-2.7788551503252434
22.991401176912195
-0.0
-13.895350390438269
-13.858623179042356
-25.054485320096923
-0.0
1.6254805333968714
-0.0
-0.0
-0.0
-0.0
-0.0
-13.571645057545066
-13.858623179042356
-13.858623179042356
-0.0
-17.17808741271984
-Inf
-Inf
-13.858623179042356
-13.858623179042356
-0.0
-0.0
-0.0
-0.0
13.858623179042356
-0.0
-0.0
-0.0
-0.0
-0.0
-0.0
Inf
-0.0
-9.28844094232308
-19.868123211564544
Inf
-0.0
-1.673080259748675
-0.0
-19.978147232295413
-Inf
-0.0
-0.0
4.88024588795848
-0.0
-0.0
19.999052304075356
-11.87598188815279
3.242824527964081
-0.0
-13.858623179042356
-11.811050100681332
-24.144775793840562
-0.0
-0.0
-0.0
-0.8644390187005574
-9.544330781624835
-Inf
Inf
Inf
-0.0
-0.0
-0.21585106815693578
-7.346026787463127
-4.215439889689485
-13.827534896846819
-7.346026787463126
-0.0
-0.0
-7.346026787463127
-7.346026787463127
-0.0
-7.346026787463126
-7.346026787463127
Inf
-7.346026787463126
-7.346026787463126
-0.0
-0.0
4.067353047065048
-2.3933612260323924
1.8898428891895918
-13.140789834519836
-8.85758571929785
0.15890358107300898
4.442107696294994
-14.899925499625043
-10.61672138440306
-3.807571057706184
0.4756330575158008
-0.0
-0.0
-7.346026787463126
-0.0
-0.0
-0.0
-6.534604319349767
0.015609423211430527
-5.213153134998409
-5.22876255820984
-2.633654956687391
-10.875658073436911
8.24200311674952
-6.916859071909377
-0.38899589111860217
-9.998127904863113
-10.387123795981715
-0.0
-0.0
-0.0
-0.0
-0.0
-0.0
0.5186962558569589
-0.9655780129933825
-0.0
-17.414523041087794
-0.2507559386055183
1.2160216108991895
-0.0
-0.8490561778450196
-0.0
-22.68556264539195
-0.0
-20.741448493250434
-0.0
-17.490649817517642
-19.43476396965915
22.67758849762323
-22.45843821120195
-18.175234095979967
-3.8278935592149685
-Inf
-Inf
-0.0
3.806342826120849
-7.932242392751387
-3.0015875151106015
-7.284791630332586
-0.0
-0.0
-0.0
-0.316881710176982
9.92008617490614
-0.0
-9.575419063820371
-9.575419063820371
-2.9604768123541474
-2.9632781243158246
-13.136564391601286
-8.853360276379302
2.9296053397093305
-5.871722761489174
-7.595146433119452
-10.15492687671116
-11.878350548341436
-2.8937580364555293
-4.524907547892812
13.34484431066272
14.975993822100003
-0.0
-0.0
-0.0
12.954032618013454
0.31492156064940297
1.9460710720866847
-8.162409349891494
-19.366057764869804
-2.4261984253316418
-7.862573786327943
-6.187033810101417
-1.5251518308824046
Inf
Inf
-0.0
-3.0102460285423702
-0.0
-0.0
-0.0
-13.32349283770497
-12.688099186888527
-12.355970892092797
-12.362689713026361
-1.308213884883832
-0.6661014131338225
5.425429373736366
-5.762971055475567
-9.54494117192815
-13.828145287150134
-0.0
-0.0
-0.8438430925875141
4.440943101014845
-0.0
0.8143544267070322
12.287344484881107
-2.0136479547627486
-0.0
0.06776422553250032
-0.0
3.290559008295879
2.0457243614078164
