-0.02738070194869443
70.49873697731336
-3.8603043805809194
-0.0
65.5378039934324
-5.118837810730437
-0.0
5.091457108781741
4.96093298388095
-0.13052319989568562
-1.4273451278183447
-0.1305230085012246
-1.427344936423884
3.2957280617242044e-6
3.4871225230885112e-6
5.962100231249027e-6
6.153494692085589e-6
-0.0
-0.0
3.6204845675445583e-6
3.8118790289403307e-6
0.6466400248946602
-0.6501819030279988
1.178057449199487
0.7771665205184077
2.7429687158542926
0.7771641497954531
0.7771691868905769
-0.0
0.7771668452749135
-4.56040743890946
-0.13052412490079265
1.96580456605884
2.752042038700608e-16
2.345894847996654
2.476418972897447
4.442223538956287
-2.3309631999385227
-66.8708140997128
-64.90500953365397
2.151099152281556
-66.6773032996538
-1.7722937659998372
8.697658856176483
8.697658856176483
-6.528903980647835
-0.14934206586899895
1.5031757548409244
6.556479411332281
3.4577626036646127
3.4575944720031906
3.457758154045132
5.8874391995454
0.7771966762892719
3.790111840708747e-5
-0.00013023054301521296
3.3451498926076616e-5
4.234921378835478
-0.8183822776558788
5.934176201937472
0.8808725454461152
4.328376850535159
-0.7249268059561984
-21.56496695390344
-20.503773921324232
-19.70375656807586
-16.47869226381199
6.050861441139804
-5.490318673268595
-5.490317147297039
1.7307074293389
-21.929274694768274
1.7307059033673449
4.456485185248893
-1.4829274429595367
0.699690626049474
-0.0
2.064848765337572
-23.6953729298374
-20.135355908290464
-0.0
-1.3832344711291562
-1.3834026027905784
-1.3832389207486369
-1.3832387293541761
-0.0
-0.0
-0.6060756959582912
-13.907922313163812
-0.0
-13.130759088373466
-48.23083704335838
-0.0
43.099615204340644
35.27543842558841
-0.0
-23.703292186966426
-23.659982583613214
-26.790168573674332
-0.0
-19.439634606205022
-0.0
-0.0
-0.0
-0.0
-0.0
-24.369024119716656
-23.659982583613214
-23.659982583613214
-0.0
-34.157460148457865
-Inf
-Inf
-23.659982583613214
-23.659982583613214
-0.0
-0.0
-0.0
-0.0
23.659982583613214
-0.0
-0.0
-0.0
-0.0
-0.0
-0.0
Inf
-0.0
-24.369022593745104
-27.276788196006947
Inf
-0.0
-0.7090232044873714
-0.0
-48.02900787249475
-Inf
-0.0
-0.0
6.4824549287321345
-0.0
-0.0
6.98776546069819
4.876655577329822
5.381966109295878
-0.0
-23.659982583613214
-10.186741477950273
-11.615457827452788
-0.0
-0.0
-0.0
-7.30516578481003
0.03545734153951247
-Inf
Inf
Inf
-0.0
-0.0
-4.7163394944172765
0.03539034622418366
2.4127291779184272
0.0354558155679576
0.03539034622418366
-0.0
-0.0
0.03539034622418366
0.03539034622418366
-0.0
0.03539034622418366
0.03539034622418366
Inf
0.03539034622418366
0.03539034622418366
-0.0
-0.0
-4.716337968445722
0.03537063878435522
0.03537216475590975
0.035462190214912336
0.03546371618646662
0.035409033228712666
0.03541055920026776
-0.00019265843058166848
-0.00019113245902670442
0.03546219021491205
0.0354637161864669
-0.0
-0.0
0.03539034622418366
-0.0
-0.0
-0.0
-5.784696671688533
2.477302651263743
-17.732880033567515
-20.210182684831256
-38.2574387669123
-24.061700400895507
-14.195738366016787
-38.25744029288386
-11.970502950590513
-26.243420413049847
-38.21392336364036
-0.0
-0.0
-0.0
-0.0
-0.0
-0.0
-17.508978215661
-11.770881081984598
-0.0
-24.08359400763481
-0.4235988419569001
-0.4236037513217521
-0.0
-16.245134837976725
-0.0
3.7884555888878326
-0.0
4.1413380766462975
-0.0
4.918501301436644
4.565618813678179
0.8163472956176993
-25.335199829707385
-25.33519830373583
-1.6752095733943226
-Inf
-Inf
-0.0
29.474394019052646
-21.67989472418658
-24.7636059008115
-24.76360742678305
-0.0
-0.0
-0.0
1.9801046650711491
-2.5532488111967417
-0.0
-23.65998105764166
-23.65998105764166
-26.2132424509031
-1.4990695244156906
-21.831063518382756
-21.8310619924112
-5.8812499829075895
-21.190305376337523
-26.941937646846405
-21.190306902309075
-26.941939172817957
-4.880923864087593
-3.052684511860107
6.763566792579775
4.935327440352289
-0.0
-0.0
-0.0
2.988365167104138
1.6195467871098306
-0.2086925651176556
-20.832282908780172
-24.301860263901425
3.9184612811637516
-3.0137212804335274
-2.0821742981650533
-25.485582373266304
Inf
Inf
-0.0
-14.649924240027586
-0.0
-0.0
-0.0
-17.37608163131071
-19.760866568967216
-26.411899278930257
-20.31225582310869
6.882761495083788
-1.6016668983942859
22.45691466340134
-12.72157089527493
-33.45034753405865
-33.45034906003021
-0.0
-0.0
17.33610813668511
1.1187235657141723
-0.0
-2.1497396940003055
10.169897961808529
3.553764546842817
-0.0
2.412730703889982
-0.0
2.4127301706572246
-3.534770053136316
-22.460129728327253
-23.659982583613214
-26.22373699125549
