4.177580960276754
57.10354765658366
-3.345875527530223
-0.0
56.57624782930968
-2.03102911392176
-0.0
6.208610074198516
0.5272998272739909
-7.869412582486145
1.338117929521238
-7.6742692940164146
1.5332612179909677
0.0888842082855206
0.2840274967552507
0.03362157608788983
0.22876486455761993
-0.0
-0.0
0.020639135485100095
0.21578242395482977
-8.055453678138505
1.152076833868876
0.18225477914902363
-0.09715688736684078
10.927136171560699
-2.374143431213982
-0.15241951956447167
-0.0
-0.16540196016726125
-4.925903121144477
-7.825805317677003
11.156784532022202
-2.1444950707524777
-1.7402731425335014
3.9410371043910226
17.2423167071657
-0.4980168142644733
-63.652589257575265
-50.351309654800595
1.1055515758173733
-58.47154742213391
-8.120237767333325
11.391556241002299
11.391556241002299
5.84082060345419
-4.575897457260897
-15.215483643514325
-2.6832145022341343
13.380543480764425
12.48911766823765
13.554681135226696
2.7290538533209054
-0.33607244221477806
-0.3241690010246864
-1.2155948135514616
-0.15003134656241637
13.368640039574334
0.8363708982941434
19.68382057517934
7.151551433899148
9.338347006265094
-3.1939221350150966
-15.162906714671333
-15.773044361870618
-28.039789819031437
-14.537698623031394
4.288342737622374
7.307802560047321
7.565520840042328
2.267719855989232
-17.413206200600364
2.0100015759942256
2.147732294453891
3.4509573801131057
-2.7822706164404014
-0.0
-4.663262662066586
-19.49176706014192
-23.061334036570738
-0.0
3.298480495423027
2.4070546828962516
3.4726181498852964
3.667761438355027
-0.0
-0.0
3.2865770542329362
-18.25828384070469
-0.0
-18.44432493635705
-43.927451835116614
-0.0
36.44107008198773
36.28383041545206
-0.0
-19.829806732495577
-19.81013317816831
-27.299728342250493
-0.0
-17.017862305393145
-0.0
-0.0
-0.0
-0.0
-0.0
-19.715796970805517
-19.81013317816831
-19.81013317816831
-0.0
-23.173311737226697
-Inf
-Inf
-19.81013317816831
-19.81013317816831
-0.0
-0.0
-0.0
-0.0
19.81013317816831
-0.0
-0.0
-0.0
-0.0
-0.0
-0.0
Inf
-0.0
-19.45807869081051
-21.09892141223138
Inf
-0.0
-1.0911394171925017
-0.0
-39.56499773936841
-Inf
-0.0
-0.0
9.044964305598805
-0.0
-0.0
3.0219086226165524
-1.3005092633154387
-7.323564946297692
-0.0
-19.81013317816831
-20.878531669042154
-16.860622638857468
-0.0
-0.0
-0.0
-3.7378702969225173
-0.9504915346049624
-Inf
Inf
Inf
-0.0
-0.0
3.479470575013143
-0.31836611802639286
-0.9614298455375989
-1.2082098145999687
-0.3183661180263924
-0.0
-0.0
-0.31836611802639286
-0.31836611802639286
-0.0
-0.3183661180263924
-0.31836611802639286
Inf
-0.3183661180263924
-0.3183661180263924
-0.0
-0.0
3.73718885500815
0.419884913804445
0.6776031937994513
0.5652419470279189
0.8229602270229254
-0.9434477579255004
-0.6857294779304935
-0.1695293320658349
0.08818894792917127
0.3356733621584864
0.5933916421534929
-0.0
-0.0
-0.3183661180263924
-0.0
-0.0
-0.0
-5.410882116606738
2.0069493936053076
-12.811408467138799
-14.818357860744106
-36.04389692451535
-19.077490569273188
-16.966406355242164
-36.30161520451036
-15.49874254592172
-17.774687563708692
-33.27343010963041
-0.0
-0.0
-0.0
-0.0
-0.0
-0.0
-14.878410989910156
-16.725254593850146
-0.0
-28.06900315963903
-9.006563572685215
-7.978447800700981
-0.0
-18.90373716516943
-0.0
-1.599023007263657
-0.0
-0.7653583696245775
-0.0
-0.9513994652769392
-1.7850641029160186
-5.538500843381673
-15.222511444335778
-14.96479316434077
4.868043914602276
-Inf
-Inf
-0.0
19.255803250625686
-25.691415725609126
-6.673913944630192
-6.931632224625199
-0.0
-0.0
-0.0
-7.324476451991119
-1.3443701389261498
-0.0
-19.552414898173303
-19.552414898173303
-20.149091445884963
2.921695838127608
-16.46281439560032
-16.20509611560531
-1.0222994921520427
-16.533352133856365
-24.78931942228721
-16.791070413851372
-25.047037702282218
-4.309115732737809
-5.278937787457662
2.6118527905708735
3.5816748452907268
-0.0
-0.0
-0.0
3.5369730284202174
1.2674748633868242
2.2372969181066766
-12.467403132819184
-20.359912927557424
4.750671890758769
-3.513251807752102
-2.1110101763637292
-18.484514044061967
Inf
Inf
-0.0
-13.898084410765568
-0.0
-0.0
-0.0
-19.64270325157156
-23.433708736467217
-23.45907179418563
-25.107916783194046
1.1718830754563907
-0.9702774204308524
17.130893844859386
-16.290331476453538
-33.88414401801438
-34.141862298009386
-0.0
-0.0
14.99571358186301
-1.8637111173807224
-0.0
2.263627050075684
12.532447366677212
2.8524747554584304
-0.0
-0.7037115655425923
-0.0
-0.7679671447507389
3.109216570814549
-19.76396130694126
-19.81013317816831
-21.565310179170375
