-2.281676057567268
60.07781303146237
-5.156888949188478
-0.0
60.987893878956505
-1.5643181474413257
-0.0
-0.7173579101259421
-0.9100808474941329
1.5666421629924134
-1.1396813829676056
1.5665909216294374
-1.1397326243305808
7.50968274765768e-5
2.3855464500912612e-5
0.0001116535764300636
6.041221345443678e-5
-0.0
-0.0
9.32674147189657e-5
4.202605174305743e-5
8.002031289002728
5.29570774304271
5.815106173840792
6.435464222837791
8.39112919901012
8.194754226370918
6.435500779586745
-0.0
6.435482393425034
-2.419185710505624
1.5665817943340767
1.9556797043414684
1.7593047317022674
-5.047123014787176
-4.854400077418983
-4.6580251047797825
-2.8064652172964735
-62.41236936739075
-62.215994394751554
-1.2089777178902668
-63.24179131349002
-1.0257969187384612
5.518244448663956
5.518244448663956
-5.296088631892804
-4.977973680968671
2.8614225968186275
-5.622152135889783
-2.012215686763311
-2.0122116026152193
-2.012138343952156
12.262647059845458
6.435584661525684
0.00011819270421401749
0.00012227685230578378
0.0001955355153685304
4.42325078205816
12.90682551476657
-8.625903521731743
-0.14232878902333396
-1.1724566974088653
7.311118035299545
-20.30188449857649
-16.523982845663344
-12.326154288250118
-21.32912745175661
5.785362364216972
15.299898408886015
15.30064523735752
15.517002244115059
6.2317144655546635
15.516255415643554
0.8166155017311287
7.068316372119249
0.2559687162375615
-0.0
-0.8562272112111523
-23.453069717320673
-17.67181854358764
-0.0
4.318438610391378
4.318442694539469
4.318515953202532
4.318464711839556
-0.0
-0.0
10.753905079212847
-17.091372195277906
-0.0
-10.655983069267592
-27.767173724849915
-0.0
17.26706556736817
25.96969916962091
-0.0
-9.335134698889991
-9.284503809917728
-15.542774808424864
-0.0
-7.9825246172792825
-0.0
-0.0
-0.0
-0.0
-0.0
-10.155673405751267
-9.284503809917728
-9.284503809917728
-0.0
-16.234456887616346
-Inf
-Inf
-9.284503809917728
-9.284503809917728
-0.0
-0.0
-0.0
-0.0
9.284503809917728
-0.0
-0.0
-0.0
-0.0
-0.0
-0.0
Inf
-0.0
-10.154926577279765
-12.555514690721223
Inf
-0.0
-0.8710203292239096
-0.0
-19.4401960469831
-Inf
-0.0
-0.0
-9.115736614812718
-0.0
-0.0
-3.3397761807407504
-1.6622897904898397
4.113670643582129
-0.0
-9.284503809917728
-12.411813997316816
-16.68515821953202
-0.0
-0.0
-0.0
6.257336394973889
14.169343158306912
-Inf
Inf
Inf
-0.0
-0.0
19.565760729669382
14.168565907402945
14.633341855462268
14.168596329835411
14.168565907402945
-0.0
-0.0
14.168565907402945
14.168565907402945
-0.0
14.168565907402945
14.168565907402945
Inf
14.168565907402945
14.168565907402945
-0.0
-0.0
19.566507558140884
14.168515204881656
14.169262033353162
14.16863002612978
14.169376854601282
14.168497044316375
14.169243872787877
14.3233792132389
14.324126041710402
14.168630026129776
14.169376854601282
-0.0
-0.0
14.168565907402945
-0.0
-0.0
-0.0
1.5539986499161353
0.09718639840548104
-23.83945994367918
-23.93664634208466
-26.901738156941988
-9.769412243561117
-17.13232591338087
-26.90248498541349
-18.253875469022784
-12.599972666352937
-30.85384813537572
-0.0
-0.0
-0.0
-0.0
-0.0
-0.0
-19.04328616331608
-11.75861278443929
-0.0
-7.928525409388576
1.3562252700914694
1.3557637032780914
-0.0
-19.902274133626864
-0.0
-8.866347257614894
-0.0
-8.841675471209875
-0.0
-2.4062863451995593
-2.4309581316045796
6.544628775186708
-8.413742299125675
-8.412995470654172
0.8705468135409921
-Inf
-Inf
-0.0
24.31828894989119
-8.465875749015288
-11.12550184027267
-11.126248668744175
-0.0
-0.0
-0.0
0.8180304990405686
0.005895553220899034
-0.0
-9.283756981446226
-9.283756981446226
-9.278108297787643
7.911551909641135
-11.915045704650797
-11.914298876179293
10.547742488032787
-7.085469667874464
-7.42168729952074
-7.086216496345966
-7.4224341279922434
-8.318689592817439
-7.7992911620193555
5.198952903964345
4.679554473166263
-0.0
-0.0
-0.0
2.6519874463680964
0.3830644982590062
-0.13633393253907572
-19.15865920353713
-30.001368881474132
-7.117965422292332
-5.209814751446883
-6.1041486147515025
-17.05348660386157
Inf
Inf
-0.0
-11.754941116176512
-0.0
-0.0
-0.0
-19.487148875564312
-16.58868389436714
-23.66583185523676
-22.618990804324728
4.807002864002967
6.658626794288104
25.48359406778042
-22.79422622789139
-32.87621580168841
-32.87696263015992
-0.0
-0.0
23.64599689194675
1.681171981919454
-0.0
-2.778092936794423
2.6677180355310157
3.895426587449265
-0.0
14.63408868393377
-0.0
14.633323285376687
1.2552647282742397
