-0.019236892930305345
53.14204364604206
-8.34362546093465
-0.0
52.50628106079797
-4.023789430802384
-0.0
4.004552537872079
0.6357625852440981
-7.097844026314322
-6.477938644666776
1.9900190970265643
2.6099244786741114
-9.652847824079023
-0.5649847007381352
4.533252423041929
13.621115546382814
-0.0
-0.0
3.399067616697668
12.486930740038556
-5.570626736581416
-4.95072135493387
-4.495879220044537
-8.125630534346117
-0.5218420423900306
-2.2018367839534356
6.060469712774834
-0.0
4.926284906430573
-18.212544347811907
-4.797645786697473
0.25113890749391404
-1.4288558340694915
-6.251006635427841
-2.8822166827998608
-1.2022219412364554
10.167356466678003
-54.13407640171993
-52.45408166015652
0.2478040699718853
-55.82742428673914
-3.3733426265826116
-0.4965714380246633
-0.4965714380246633
-18.39759709736217
2.3344155685054706
-3.1685370397020622
-4.121786673442859
0.9085431158708208
-4.020563065132519
0.07524555125981872
-3.900489767214809
-9.357840469018663
-10.051760194140567
-14.980866375143908
-10.88505775875157
1.6024628409927237
2.5557124747335207
0.9220829421462994
1.8753325758870958
-1.6807448396019722
-0.7274952058611752
6.544238376533878
-12.426057945031259
-1.2875481163213347
-2.695639884951464
13.492697653200022
18.547526887942396
10.933247654825642
3.151435442892452
-19.432175578573542
10.765714676009209
-0.05820943881076053
6.2157380132238504
-0.026978176621129245
-0.0
-7.696624596501299
-8.990772149787901
-6.500201616628463
-0.0
1.0811844179738597
-3.847921763029481
0.24788685336285696
9.335749976703744
-0.0
-0.0
1.7751041430957626
4.690515500908878
-0.0
6.217732790641783
-38.08199274977692
-0.0
8.489037884036273
25.705285560903874
-0.0
-2.643843382960018
-2.390386023881779
-15.123738354140086
-0.0
21.708852370546477
-0.0
-0.0
-0.0
-0.0
-0.0
-5.8311668656089495
-2.390386023881779
-2.390386023881779
-0.0
-9.56411153622627
-Inf
-Inf
-2.390386023881779
-2.390386023881779
-0.0
-0.0
-0.0
-0.0
2.3903860238817787
-0.0
-0.0
-0.0
-0.0
-0.0
-0.0
Inf
-0.0
-13.445446098725705
-23.596405069646195
Inf
-0.0
-8.952672729772754
-0.0
-25.37918343933301
-Inf
-0.0
-0.0
-6.358687712375837
-0.0
-0.0
7.814260657845594
-8.961515494124107
5.211432876097322
-0.0
-2.390386023881779
10.037836723149457
4.492604693678873
-0.0
-0.0
-0.0
-10.77280104191835
-6.15299515430121
-Inf
Inf
Inf
-0.0
-0.0
8.819545216200677
6.600386125906123
9.96723593147267
1.4612840788155486
6.600386125906123
-0.0
-0.0
6.600386125906123
6.600386125906123
-0.0
6.600386125906123
6.600386125906123
Inf
6.600386125906123
6.600386125906123
-0.0
-0.0
1.2052659830839185
12.050757847743048
4.4364786146262905
3.9304694101811166
-3.683809822935641
12.447105523160623
4.832826290043865
-0.6626455836061373
-8.276924816722895
11.33444363720422
3.7201644040874626
-0.0
-0.0
6.600386125906123
-0.0
-0.0
-0.0
-11.437283164381663
7.327253188707271
-8.479895734278967
-15.807148922986238
-7.1489684283778745
-14.466571862913504
7.31760343453563
0.46531080473888237
12.777525379974815
-1.1501649784281136
11.627360401546701
-0.0
-0.0
-0.0
-0.0
-0.0
-0.0
1.7786030644716317
0.21252886576229305
-0.0
-3.8112079824390444
0.8311868361588661
1.2785973094149123
-0.0
1.242051322743373
-0.0
-6.493329334950103
-0.0
-23.099839953265768
-0.0
-21.57262266353286
-4.966112045217198
10.177544921314523
1.1835910914823589
-6.430688141634398
6.273396383336316
-Inf
-Inf
-0.0
6.623204807405878
-7.403484004381954
-0.7776231448376036
6.836656088279153
-0.0
-0.0
-0.0
-2.910710635429003
1.7061101095507492
-0.0
-10.004665256998535
-10.004665256998535
-10.550563942163919
3.933616159921127
1.2907917700587122
-6.323487463058044
-0.29346031918474674
-1.0105181836858617
-5.086507015129691
6.603761049430896
2.527772217987066
-7.132985099330986
-6.678142964441652
14.957836285178331
14.502994150289
-0.0
-0.0
-0.0
8.287766687704083
2.7836760195370123
2.328833884647679
-4.815901666656217
-22.945996854150962
0.8369782736736786
-12.461202007089808
-6.619351718641517
-9.78695041807938
Inf
Inf
-0.0
-9.328250990615842
-0.0
-0.0
-0.0
-8.800949831108179
-11.953614482030627
-15.216085316317367
-13.875601692012717
2.185817196024016
-2.3073310792030837
5.5074054041064535
-7.307672902870617
-0.6106146852375279
7.003664547879229
-0.0
-0.0
-2.64447821880831
-3.300943892356354
-0.0
0.5696692515636309
4.750569772962155
-5.031078320496675
-0.0
2.352956698355913
-0.0
-3.9365161838778144
-3.4038613680275045
