-3.4293654208124873
60.155854315132565
-4.459127182434112
-0.0
64.57878930513947
-5.196282395456389
-0.0
1.7669169746439006
-4.422934990006898
-0.5000036571257807
-2.4134994601998914
-0.499984842705315
-2.413480645779426
0.0001009097064863278
0.00011972412695213341
5.256727087786583e-5
7.1381691343433e-5
-0.0
-0.0
5.788532033897618e-5
7.669974080478024e-5
-1.9427448516792192
-3.8562406547533294
-1.0198690715140566
-1.4426402848469524
-10.580822668787848
4.24710711297158
-1.442688627282561
-0.0
-1.4426833092330997
-7.992366496002835
-0.5000137712805314
-9.138091588389157
5.689838193370267
1.5281256471232927
7.717977611774091
-7.109952169985334
0.6049374308020536
-55.36677835117406
-70.19470813293348
-0.3516493145050657
-67.29034943186164
2.9043587010718475
-0.8897462603130227
-0.8897462603130227
-9.284085091363611
0.7755348135621033
-0.4991747772169496
-3.219057206715286
1.7661729506559023
1.765741559258388
1.7660880947350692
-0.9513626905974214
-1.4425690088431373
0.000257041631134129
-0.0001743497663806101
0.0001721857103015431
0.32334690018163104
3.043229329679968
3.7942173989841432
6.514099828482479
2.757505009718109
5.4773874392164466
-9.31057061430135
-18.89015429717803
-9.580766059039098
-15.137020071776707
4.376116626722553
-0.7259140218011753
-0.7256980153267384
0.9968050529417226
-19.577889571551992
0.9965890464672852
3.645752820706401
-1.8983309453037787
-2.0489213966189928
-0.0
0.12567164418105237
-19.41552012719901
-21.954058782046687
-0.0
4.520717682824913
4.520286291427398
4.52063282690408
4.520651641324546
-0.0
-0.0
3.0778916323506413
-21.502713905334215
-0.0
-22.945455099887653
-53.47175304944077
-0.0
44.41106046526764
38.66866099640372
-0.0
-20.60746612552576
-20.57454270642273
-28.84215266574898
-0.0
-23.83658184724836
-0.0
-0.0
-0.0
-0.0
-0.0
-21.45419178782941
-20.57454270642273
-20.57454270642273
-0.0
-21.96608765509074
-Inf
-Inf
-20.57454270642273
-20.57454270642273
-0.0
-0.0
-0.0
-0.0
20.57454270642273
-0.0
-0.0
-0.0
-0.0
-0.0
-0.0
Inf
-0.0
-21.45397578135497
-27.660511767389476
Inf
-0.0
-0.8795120534076111
-0.0
-42.02864006594516
-Inf
-0.0
-0.0
2.7037008454475586
-0.0
-0.0
2.686763659901294
1.666988456181524
1.6500512706352597
-0.0
-20.57454270642273
-20.373423900385635
-18.094182378384442
-0.0
-0.0
-0.0
-10.059752408447864
-1.160516291612398
-Inf
Inf
Inf
-0.0
-0.0
-7.240990549628426
-1.1590225792237214
2.6566971668930446
-1.1607322980868353
-1.1590225792237214
-0.0
-0.0
-1.1590225792237214
-1.1590225792237214
-0.0
-1.1590225792237214
-1.1590225792237214
Inf
-1.1590225792237214
-1.1590225792237214
-0.0
-0.0
-7.2407745431539885
-1.1600948000186588
-1.1598787935442219
-1.1629145654644306
-1.1626985589899932
-1.1599420617678222
-1.159726055293385
0.9246652744740181
0.924881280948455
-1.1629145654644306
-1.1626985589899934
-0.0
-0.0
-1.1590225792237214
-0.0
-0.0
-0.0
-4.0325290912059355
1.3403868626934015
-20.058960411610453
-21.399347274303853
-45.860015745477114
-19.742710947324547
-26.117304798152563
-45.86023175195155
-19.06979724031646
-19.270849637672296
-38.34064687798875
-0.0
-0.0
-0.0
-0.0
-0.0
-0.0
-17.66515246336396
-17.84098034039928
-0.0
-19.64444637962578
0.9304223285237992
0.9321170775940336
-0.0
-9.263444075088154
-0.0
2.7859354021356952
-0.0
3.0721052118476946
-0.0
1.6293640172942554
1.3431942075822565
0.306857063053003
-27.412850779780143
-27.412634773305708
-6.836287322560328
-Inf
-Inf
-0.0
21.774517809617407
-19.194193388534718
-16.783929443813253
-16.784145450287692
-0.0
-0.0
-0.0
1.380270339412639
6.4671795583069525
-0.0
-20.57432669994829
-20.57432669994829
-14.10747314336819
-6.337165881677032
-18.784245792735636
-18.7840297862612
-1.6606092387840246
-12.826202295772852
-12.406565863435214
-12.82641830224729
-12.406781869909649
-4.533347891090071
-1.696976307850798
11.550819657552793
8.714448074313522
-0.0
-0.0
-0.0
1.670352146686739
1.8318574371979683
-1.0045141460413052
-14.76857614086289
-19.750403450613614
6.143103969870437
-5.837320263646018
-2.08146106852945
-16.92091932971886
Inf
Inf
-0.0
-13.151884392581744
-0.0
-0.0
-0.0
-23.79963979436887
-23.432343342782552
-18.96614146515574
-22.011423200974594
-4.607417542809001
-1.1948393554038317
15.688662329750734
-19.867727633743836
-40.91468422187084
-40.914900228345275
-0.0
-0.0
11.883878579317734
1.1082922895871041
-0.0
0.5064300112402719
8.283323278550686
1.5375818609423906
-0.0
2.656913173367481
-0.0
2.6567292110947704
0.6148940625973617
-20.87176044869787
-20.57454270642273
-22.827031653966014
