-2.2338330152396875
50.22793519969596
-5.27832706247747
-0.0
47.58152200760249
-6.377835568372566
-0.0
4.1440025531328795
2.646413192093485
-1.8184736015109508
-3.0751000915702464
-1.189164197656487
-2.4457906877157836
2.10577106885339
2.7350804727078533
0.6698351046547617
1.299144508509225
-0.0
-0.0
0.9565474969583297
1.5858569008127932
-1.041633591273771
-2.2982600813330674
-0.3522211563284107
2.8826110790905695
-0.16112660192696693
0.45595576976562296
1.4466751148919412
-0.0
1.7333875071955092
-9.312428228407382
-1.497589361039394
-0.6170823716925896
-0.0
0.7955589830239141
2.2931483440633085
1.676065972370719
3.6634671416869193
-53.49369651447663
-54.110778886169214
-1.8609789599634188
-53.874297610933816
0.23648127523540666
-0.12557028707857343
-0.12557028707857343
-8.804776880527257
4.538728215211184
0.9646353395994749
2.671953600821282
-4.049877590724908
0.31256462420316405
1.3608936120224528
-1.4363592533520764
-0.9237012242167012
-7.11131243720124
-2.7488702222731702
-1.7005412344538806
2.1377336222596326
0.4304153610378259
3.974926196557319
2.267607935335511
5.887603796870311
4.180285535648503
0.03398851597669185
8.887296927126277
4.522796022776254
4.284075358993404
2.309406252952413
1.2866464896499097
3.7905873054434394
0.33126635655654163
-7.452773091626735
-2.172674459236988
-6.967788139363358
6.561689910746006
1.6743116612888402
-0.0
1.8341555291876197
-5.810043297392248
-9.65631534224215
-0.0
-12.715075283927382
-8.35263306899931
-7.30430408118002
-6.674994677325557
-0.0
-0.0
-6.527464070942841
-8.26839400010865
-0.0
-7.491553989871471
-22.705698305036844
-0.0
12.006076887766435
11.246522947327339
-0.0
-8.204449158772926
-8.167368776939055
-11.848078078358903
-0.0
-6.7259782553766865
-0.0
-0.0
-0.0
-0.0
-0.0
-8.343471457015518
-8.167368776939055
-8.167368776939055
-0.0
-11.254612017542122
-Inf
-Inf
-8.167368776939055
-8.167368776939055
-0.0
-0.0
-0.0
-0.0
8.167368776939055
-0.0
-0.0
-0.0
-0.0
-0.0
-0.0
Inf
-0.0
-5.839530641221987
2.220001318295062
Inf
-0.0
-1.169007230389524
-0.0
-12.148736412136758
-Inf
-0.0
-0.0
-10.912250925718643
-0.0
-0.0
0.23605910422921478
-8.999573325405652
2.1487367045422063
-0.0
-8.167368776939055
-9.927513358441365
-5.96642431493759
-0.0
-0.0
-0.0
-8.037884398899543
-1.1192141010382297
-Inf
Inf
Inf
-0.0
-0.0
3.0606231130434405
-2.357325479546809
-12.153289963464445
-3.6231549168317594
-2.357325479546809
-0.0
-0.0
-2.357325479546809
-2.357325479546809
-0.0
-2.357325479546809
-2.357325479546809
Inf
-2.357325479546809
-2.357325479546809
-0.0
-0.0
5.564563928836971
5.966420830769483
8.470361646563013
-3.5958506278869242
-1.0919098120933948
4.8740244928893
7.37796530868283
-7.458234121998213
-4.954293306204684
1.8540026730670338
4.357943488860564
-0.0
-0.0
-2.357325479546809
-0.0
-0.0
-0.0
-4.061080567172842
-4.193195796802532
-7.764082547838856
-3.5708867510363236
-7.2647550451941125
-0.9284447697029714
-6.336310275491141
-9.768695860987641
0.22818083926791213
-7.6436819995395675
-7.415501160271657
-0.0
-0.0
-0.0
-0.0
-0.0
-0.0
-5.317360188766251
-2.2149912269071437
-0.0
-8.948460205597783
-1.7370139292981712
4.881447912967622
-0.0
-2.609567813850698
-0.0
-0.1315830045610631
-0.0
-19.24555600073792
-0.0
-18.468715990500744
0.6452570056761158
1.5034796988660903
4.152402502938323
6.656343318731854
17.98231062150373
-Inf
-Inf
-0.0
-1.3208301068425492
5.62441501919088
-0.26123316185519235
-2.7651739776487223
-0.0
-0.0
-0.0
10.294938430023345
-3.7002304155437717
-0.0
-5.663427961145526
-5.663427961145526
-8.407735876049856
2.9831803957999536
-4.2836348586688375
-1.7796940428753079
-3.6448614373745936
-4.813103136019315
-4.661681825825146
-7.3170439518128445
-7.1656226416186755
-7.979564129315275
-6.033525204310618
-0.04959151763897747
-1.9956304426436335
-0.0
-0.0
-0.0
-0.5122329915932177
-6.116861457406615
-8.062900382411273
-1.1851991966960624
-10.829969637756385
-0.41122367786744934
-8.704199951280465
-6.773956635164647
-6.034304554084237
Inf
Inf
-0.0
-0.35389459382763727
-0.0
-0.0
-0.0
11.656161489505948
10.665759385726986
-1.9974266975762
-2.2667749661812806
0.7047606041267815
-0.016293231047100416
6.513460202266824
-1.6846825125828622
-7.342781762417843
-9.846722578211374
-0.0
-0.0
4.927103687883707
0.19997099682328476
-0.0
-2.2367661098289084
6.499861432011904
-3.3627219677191555
-0.0
-9.649349147670916
-0.0
-10.70965489118979
-4.642523740016749
