-0.8056840757786795
52.322379880442355
-4.1934243815699395
-0.0
58.99705602247181
-4.015060958526357
-0.0
3.209376882747678
-6.674676142029456
-5.136410017415565
0.611013258374706
-5.1364068968339955
0.6110163789562751
2.518045610949436e-6
5.6386271798268805e-6
6.6829319483889375e-6
9.803513517507096e-6
-0.0
-0.0
1.4254764293519368e-6
4.546057998818692e-6
-6.541860911451439
-0.794437635661169
4.2421275480042455
-1.405448375990264
-4.066509317254919
3.3421921133256927
-1.405444211103927
-0.0
-1.4054494685594456
-5.552555786889338
-5.136407954299829
-2.661056360103309
4.747645070477303
-3.0602564699652905
6.8237965548118416
-0.58490487576877
-0.10573459939420454
-58.4984852582611
-65.9071866888417
-0.018187786628787284
-57.99373958396154
7.9134471048801664
-3.7736246427040587
-3.7736246427040587
-6.4339943262557435
0.022609242572886972
-2.4279866629327214
2.7770131305606207
0.5009451505362373
0.5009536147410032
0.5009535282648355
-3.355093271276648
-1.4054572045893656
-1.4688282088256407e-5
-6.224077322649916e-6
-6.310553490075001e-6
-0.90449736577104
-6.109497159264381
2.5771070757151087
-2.627892717778232
2.1335938403948265
-3.0714059530985147
-10.553401608550525
-22.46437391348164
-14.369136654047747
-14.20070204421982
7.513365862776954
1.3023785495828788
1.3023803552192508
-2.2292779094119846
-24.115770798350532
-2.2292797150483565
1.7100272871702955
0.199174235927474
-8.471503852099366
-0.0
3.229818300297835
-16.80362244731885
-25.882717064967558
-0.0
2.193430615458194
2.193439079662959
2.1934389931867915
2.1934421137683606
-0.0
-0.0
0.7879880991509166
-22.231718763766477
-0.0
-23.63716965780235
-57.90444097043385
-0.0
40.22759650514875
47.934559619926006
-0.0
-21.744003154990157
-21.88649024982753
-31.80326073614498
-0.0
-18.341105421846574
-0.0
-0.0
-0.0
-0.0
-0.0
-21.367425074400153
-21.88649024982753
-21.88649024982753
-0.0
-29.373972210460146
-Inf
-Inf
-21.88649024982753
-21.88649024982753
-0.0
-0.0
-0.0
-0.0
21.88649024982753
-0.0
-0.0
-0.0
-0.0
-0.0
-0.0
Inf
-0.0
-21.367423268763773
-33.31853511499779
Inf
-0.0
0.5190592011347597
-0.0
-43.25391390137181
-Inf
-0.0
-0.0
-2.7070033545931804
-0.0
-0.0
0.9185917446307105
-3.1505165899134626
0.47507850931042805
-0.0
-21.88649024982753
-24.63304347393171
-26.048068536623823
-0.0
-0.0
-0.0
-17.582304716397562
-5.082875353068691
-Inf
Inf
Inf
-0.0
-0.0
1.1978065873539725
-5.082867802508677
-4.32309356199364
-5.082877158705062
-5.082867802508677
-0.0
-0.0
-5.082867802508677
-5.082867802508677
-0.0
-5.082867802508677
-5.082867802508677
Inf
-5.082867802508677
-5.082867802508677
-0.0
-0.0
1.197808392990344
-5.0828985538529095
-5.0828967482165375
-5.08288885856456
-5.082887052928189
-5.082876289327906
-5.082874483691535
-4.958932070356188
-4.9589302647198155
-5.08288885856456
-5.082887052928189
-0.0
-0.0
-5.082867802508677
-0.0
-0.0
-0.0
-3.4417328188913365
-6.1785775912376435
-23.15063869362826
-16.972061102390615
-44.399004507365525
-22.933131516584876
-21.46587299078066
-44.399006313001905
-20.079934913592073
-24.774009196298
-44.85394410989007
-0.0
-0.0
-0.0
-0.0
-0.0
-0.0
-17.12488415418736
-20.45736818289112
-0.0
-19.149437826054804
2.737107381507983
2.7369555476901177
-0.0
-9.708601649379721
-0.0
-4.091728884567891
-0.0
-1.6697482010241862
-0.0
-3.075199095060061
-5.497179778603766
5.972258287914194
-24.71176510035035
-24.711763294713972
-2.825371726605424
-Inf
-Inf
-0.0
24.481155589244924
-30.082184596754033
-14.118727855676951
-14.118729661313322
-0.0
-0.0
-0.0
-8.195702126855494
-6.368818848866685
-0.0
-21.886488444191155
-21.886488444191155
-28.2553622507931
3.997051546493541
-18.879343220013666
-18.879341414377294
-5.378969289922266
-22.39685680618155
-19.501787098338013
-22.39685861181792
-19.501788903974383
-3.4462148542115068
1.5903503294539085
10.125235374620683
5.088670190955267
-0.0
-0.0
-0.0
4.582918539446298
6.401704323657031
1.3651391399916137
-18.666179683284323
-30.679268039990287
-0.429411990232055
-8.73756509152523
-2.073118721206276
-17.930534679742976
Inf
Inf
-0.0
-14.190844670940473
-0.0
-0.0
-0.0
-25.96330167275901
-25.97767140367027
-23.957179990050292
-25.94343505803952
-2.286784124804686
-0.3148987877267189
17.958719420201618
-14.838349514625401
-44.023148059557094
-44.023149865193474
-0.0
-0.0
19.188735555553983
4.6083970114181705
-0.0
-4.566771272007345
2.109944999950214
-3.5417521667407263
-0.0
-4.323091756357267
-0.0
-4.323093978730963
10.28465525694868
