3.109022890880954
69.76673789718203
-2.5442637738605414
-0.0
59.33827321359803
-4.499047555654628
-0.0
7.6080704465355815
10.428464683583996
-1.2696118356116997
-0.17842931624421468
-1.241409541800719
-0.15022702243323313
0.059256912584726054
0.08745920639570666
0.09474378090301745
0.1229460747139984
-0.0
-0.0
0.26517030280645876
0.29337259661743964
-1.276345407857659
-0.18516288849017343
7.4200410479400505
0.052523340338766523
4.088373441909135
-4.096739644906073
0.08801020865705832
-0.0
0.2584367305605001
1.6352423552495379
-1.2795411115033986
4.085177738263395
-4.099935348551812
11.058360121670443
8.237965884622028
16.42307897143724
-2.3690698696612356
-68.9174299723215
-60.732316885506286
0.9961522073214352
-55.235964625501
5.496352260005287
1.209742435810028
1.209742435810028
-7.867141810159241
-10.64368926151899
3.5150056100303253
12.12144486884739
2.6883564614116895
2.885153563298871
2.8234530008935566
16.975414300196913
-2.1741408642133058
-2.302503831449214
-2.105706729562032
-2.167407291967347
2.816719428647598
-5.789719830169467
15.1514249581757
6.544985699358634
5.345571756723659
-3.2608675020934053
-32.135055816316395
-17.911926198612225
-11.679321279491504
-10.678085957104662
-3.3249141999889122
-13.675952301262848
-13.677710922599385
-4.011195456829311
-23.817586315516905
-4.0094368354927745
4.67421582131498
-3.3347904270921496
-4.981134459243915
-0.0
9.97343410369901
-15.828278944619726
-23.426376083842197
-0.0
5.072238833779779
5.2690359356669605
5.207335373261647
5.235537667072627
-0.0
-0.0
5.200601801015687
-9.16751635015226
-0.0
-9.17424992239822
-44.85959864061806
-0.0
35.23346734174298
37.67276827654966
-0.0
-19.769259901015587
-19.74134514494253
-28.08256412870349
-0.0
-15.425317861718849
-0.0
-0.0
-0.0
-0.0
-0.0
-19.816071082990153
-19.74134514494253
-19.74134514494253
-0.0
-21.420027115784084
-Inf
-Inf
-19.74134514494253
-19.74134514494253
-0.0
-0.0
-0.0
-0.0
19.74134514494253
-0.0
-0.0
-0.0
-0.0
-0.0
-0.0
Inf
-0.0
-19.81782970432669
-21.175360736672555
Inf
-0.0
-4.051136122922563
-0.0
-39.58352157057164
-Inf
-0.0
-0.0
15.925877502179564
-0.0
-0.0
14.584947470881833
6.120024300727525
4.779094269429794
-0.0
-19.74134514494253
-12.724861067958273
-17.864618796525523
-0.0
-0.0
-0.0
-8.334120921906983
-0.7330799607878793
-Inf
Inf
Inf
-0.0
-0.0
-6.11357043734546
-3.9130662003228025
-3.8585186594226815
-0.7313213394513429
-3.9130662003228025
-0.0
-0.0
-3.9130662003228025
-3.9130662003228025
-0.0
-3.9130662003228025
-3.9130662003228025
Inf
-3.9130662003228025
-3.9130662003228025
-0.0
-0.0
-6.115329058681997
-4.7689102982656175
-4.770668919602154
-3.521937076795819
-3.523695698132356
-3.5426260468723707
-3.5443846682089077
-4.691400573423978
-4.693159194760516
-3.578330651067472
-3.5800892724040083
-0.0
-0.0
-3.9130662003228025
-0.0
-0.0
-0.0
3.967955225153428
0.3838722197526371
-12.882763724779455
-13.266635944532092
-30.86660372259333
-10.490839840695337
-20.375763881897996
-30.864845101256794
-12.657247522830698
-25.28986824775269
-37.94711577058338
-0.0
-0.0
-0.0
-0.0
-0.0
-0.0
-19.125485079276565
-12.793760040598643
-0.0
-24.501757018531904
-6.038535051241227
-4.529822269487547
-0.0
-9.31331664166736
-0.0
5.740365067419793
-0.0
5.964828340154464
-0.0
5.958094767908506
5.733631495173836
-0.9545372257440409
-16.03066719800078
-16.03242581933732
3.941267551043578
-Inf
-Inf
-0.0
15.119920992037533
-18.29214078535774
-20.368254639230464
-20.366496017893926
-0.0
-0.0
-0.0
-2.525447203953615
-0.24411719211004967
-0.0
-19.743103766279066
-19.743103766279066
-18.709097780737267
2.247957594683422
-20.074258972231373
-20.076017593567908
3.6148774075140624
-14.672680642633278
-17.777684526379648
-14.670922021296741
-17.77592590504311
-4.61543345280193
2.989770483628294
-0.5192402281370166
-8.12444416456724
-0.0
-0.0
-0.0
-1.1598054911902
1.3081642711546466
-6.297039665275576
-14.911029609624155
-13.732424587942743
4.67455321430943
-2.476006591357492
-2.085050989730681
-15.093190258870688
Inf
Inf
-0.0
-14.966305566964502
-0.0
-0.0
-0.0
-18.26485534256052
-20.041303659086758
-20.832804817439982
-21.411604202823714
5.623295135796379
4.425646204653877
16.39168366468479
-13.084772530588372
-33.087575433601174
-33.08581681226464
-0.0
-0.0
14.285292536371292
0.2273793049279403
-0.0
-0.385460987433287
18.105216710957038
2.9624704868356595
-0.0
-3.860277280759218
-0.0
-3.8919208269634833
7.885561944090741
-15.253054146493701
-19.74134514494253
-21.959937537421663
