-8.630573665143308
54.38980837436753
-4.314315853606723
-0.0
56.47217033559825
-9.197151680200225
-0.0
0.5665780150569173
-2.08236196123071
-0.027763954378732428
-0.9874027723748765
-0.027755673397168123
-0.9873944913933121
2.9730911510249856e-5
3.801189307468417e-5
4.4615020014020245e-5
5.2896001578391135e-5
-0.0
-0.0
2.9452578676977588e-5
3.773356024151412e-5
-1.4666011756897797
-2.426239993685923
-0.06229376493512257
-1.438807490399537
-1.5295445225853246
1.1823388005978472
-1.4387926062910323
-0.0
-1.4388077687323702
-5.723687943201499
-0.02777167387692333
-0.0907150207724686
2.621168302410703
2.005273107123199
4.654213083410824
1.9423297602276537
-0.6137040312112864
-61.14223329834834
-63.8541166215315
3.028201738244018
-60.277174048803644
3.5769425727278565
3.192588357719794
3.192588357719794
-8.551460365763306
0.44768581635075166
0.16079386386164748
2.3424475810981744
0.3780694057016408
0.37796558244275286
0.37802019681653687
-1.3477089769836144
-1.4390561720830082
-0.00016974188685750288
-0.00027356514574591325
-0.0002189507719615454
-1.0608170244945099
-3.242470741731036
2.411057258318469
0.22940354108194214
-2.7732338835010495
-4.954887600737576
-13.191518947164806
-20.98656288543265
-13.96470889943614
-14.147001410950413
3.233573481118
3.928071333157491
3.9281848867329536
7.513181983436316
-9.637083782215596
7.513068429860853
4.782968595135663
-4.485020257336225
0.9633310249193086
-0.0
-2.16130252335161
-21.903672282448028
-24.1518551468311
-0.0
2.0214702377069282
2.0213664144480403
2.0214210288218237
2.0214293098033886
-0.0
-0.0
0.5825838075107771
-17.11497333010317
-0.0
-18.553810551414216
-40.50172770001049
-0.0
30.36216859097489
31.097564629184365
-0.0
-17.18299810539271
-17.150184652530235
-25.98362492096319
-0.0
-13.212016378898442
-0.0
-0.0
-0.0
-0.0
-0.0
-17.69439307534045
-17.150184652530235
-17.150184652530235
-0.0
-20.75093063054052
-Inf
-Inf
-17.150184652530235
-17.150184652530235
-0.0
-0.0
-0.0
-0.0
17.150184652530235
-0.0
-0.0
-0.0
-0.0
-0.0
-0.0
Inf
-0.0
-17.694279521764987
-23.79401082314826
Inf
-0.0
-0.5442972999073706
-0.0
-34.8444860228842
-Inf
-0.0
-0.0
4.42908861180632
-0.0
-0.0
0.8227208576849092
-0.7552025300131983
-4.3615702841346105
-0.0
-17.150184652530235
-11.145254093410239
-13.947412417107918
-0.0
-0.0
-0.0
-2.132415223785165
4.755105026885551
-Inf
Inf
Inf
-0.0
-0.0
4.815786190420381
4.753487629917792
13.24946662428011
4.754991473310088
4.753487629917792
-0.0
-0.0
4.753487629917792
4.753487629917792
-0.0
4.753487629917792
4.753487629917792
Inf
4.753487629917792
4.753487629917792
-0.0
-0.0
4.8158997439958435
4.754214463552628
4.75432801712809
4.75306254091193
4.753176094487392
4.752791641443883
4.752905195019345
4.233140745002044
4.233254298577506
4.75306254091193
4.753176094487392
-0.0
-0.0
4.753487629917792
-0.0
-0.0
-0.0
-10.167400643669101
2.996793686688644
-22.991714453200267
-25.988508139888914
-37.714837005696715
-15.040281661740318
-22.674555343956392
-37.714950559272175
-14.843007328382955
-17.545585517042504
-32.388592845425464
-0.0
-0.0
-0.0
-0.0
-0.0
-0.0
-20.573845516544264
-21.47386867717713
-0.0
-29.086282289070994
-11.936443574736952
-11.92615348829264
-0.0
-21.1307329086774
-0.0
0.8749378140389835
-0.0
0.7475375788460705
-0.0
-0.6912996424649768
-0.5638994072720636
-3.7976708768625462
-16.376543588723866
-16.376430035148402
0.7835852120544887
-Inf
-Inf
-0.0
23.59069287576664
-14.498281293985896
-14.001444685328625
-14.001558238904087
-0.0
-0.0
-0.0
2.6517009278717194
-0.19183919280638248
-0.0
-17.150071098954772
-17.150071098954772
-17.341564353564962
-0.06762461818000094
-13.696283599588245
-13.696170046012783
-3.7130189257321775
-11.871941369935348
-13.687146764202309
-11.872054923510808
-13.68726031777777
-7.272766588915329
-4.908820360164528
6.732499042230903
4.368552813480102
-0.0
-0.0
-0.0
6.672060913465977
2.850244228533032
0.48629799978223115
-16.522468868612886
-21.372663091567286
6.139075764377578
-5.688625374426693
-2.081482162715108
-19.589091291300953
Inf
Inf
-0.0
-13.845126255683704
-0.0
-0.0
-0.0
-23.6769977222613
-21.757039980503134
-19.588854594691
-22.10428770948199
-4.796552534108073
-0.36116167755891054
18.717935201673694
-20.672624899676844
-33.405821793336116
-33.40593534691158
-0.0
-0.0
19.81086141516284
5.099160541801626
-0.0
-2.091694716935521
8.148014966286425
1.5422564005842045
-0.0
13.249580177855572
-0.0
13.249482844507005
-7.408138625876339
-22.90980141602648
-17.150184652530235
-19.401256282562375
