-1.0317093825507961
64.00836850936848
-3.575406879379915
-0.0
62.18937938535033
-2.6383282702745694
-0.0
1.6066188877237733
1.8189891240181513
-1.1542878952966276
-2.784759688110021
-1.152484730087319
-2.782956522900713
0.005127084274219988
0.0069302494835284875
0.006278964289642246
0.008082129498950787
-0.0
-0.0
0.014586311717434335
0.016389476926742537
-0.9571809392133336
-2.5876527320267275
-3.4083090819382513
0.20223404035751424
2.331199276111755
-1.1695511755077113
0.20338592037293676
-0.0
0.2116932678007286
-8.564483975643263
-1.1554358863450327
2.1329443289800554
-1.3678061226394103
5.031964238919819
4.819594002625443
8.320344454244909
0.09097629160525307
-68.5756199364011
-65.07486948478162
-0.6774356932258596
-66.3257996987623
-1.2509302139806577
2.6245729637158526
2.6245729637158526
-3.520014755555544
-3.312515002617011
-7.1210794949779475
-5.16989817535276
7.567934300947819
7.186301923145429
7.573410487405092
3.9619529511274503
0.19029956083685295
-0.012283581703714555
-0.39391595950610486
-0.006807395246441221
7.770517443488387
5.819336123863199
13.759662621621539
11.808481301996354
6.256358695969878
4.30517737634469
-15.646047565057682
-20.990390383802048
-20.79188187629755
-18.020044206760836
5.277829152813836
4.532866513117611
4.568674328220838
6.083537743597902
-12.262107895641208
6.047729928494674
4.096842034188184
-0.8654254668666241
-3.165999508774118
-0.0
0.5840208899629977
-20.892083269438494
-25.03996991831763
-0.0
4.383301276282122
4.001668898479731
4.388777462739395
4.390580627948704
-0.0
-0.0
4.5858844188226895
-12.404014690991048
-0.0
-12.206907734907753
-39.578044099177866
-0.0
30.192488131240367
32.62900376505792
-0.0
-18.35554889969388
-18.3323813793639
-28.106437544433305
-0.0
-11.882650307104482
-0.0
-0.0
-0.0
-0.0
-0.0
-21.169300822899668
-18.3323813793639
-18.3323813793639
-0.0
-23.468422487893058
-Inf
-Inf
-18.3323813793639
-18.3323813793639
-0.0
-0.0
-0.0
-0.0
18.3323813793639
-0.0
-0.0
-0.0
-0.0
-0.0
-0.0
Inf
-0.0
-21.133493007796446
-25.205701804507143
Inf
-0.0
-2.8252050301001668
-0.0
-39.48409547829644
-Inf
-0.0
-0.0
9.849098101078171
-0.0
-0.0
3.158634517280021
2.345794175426507
-4.344669408371642
-0.0
-18.3323813793639
-8.276647695309693
-14.31916594092203
-0.0
-0.0
-0.0
3.0609494170284317
3.1518944531204665
-Inf
Inf
Inf
-0.0
-0.0
5.619161398895732
2.5597018900745914
5.36996000063911
3.1160866380172396
2.5597018900745914
-0.0
-0.0
2.5597018900745914
2.5597018900745914
-0.0
2.5597018900745914
2.5597018900745914
Inf
2.5597018900745914
2.5597018900745914
-0.0
-0.0
5.6549692139989585
2.438077709731084
2.473885524834311
2.4444092114083453
2.480217026511573
4.120627886537141
4.156435701640368
2.363190639279271
2.3989984543824985
2.4394402467108534
2.4752480618140806
-0.0
-0.0
2.5597018900745914
-0.0
-0.0
-0.0
-8.460132686386967
2.1669768580688604
-11.066123888473156
-13.233100746542016
-26.22949692680959
-16.47911476467872
-9.750382162130865
-26.26530474191281
-17.245537148006953
-21.636165376459573
-38.881702524466526
-0.0
-0.0
-0.0
-0.0
-0.0
-0.0
-18.314266850809513
-17.66482890229907
-0.0
-22.421563847534
-4.114509438697665
-4.296212598319549
-0.0
-10.592618883240792
-0.0
3.957206022978931
-0.0
2.257122161593678
-0.0
2.4542291176769724
4.154312979062225
-8.498982387433868
-17.369963349410405
-17.33415553430718
0.7553878998040463
-Inf
-Inf
-0.0
25.769013037958498
-20.869697578788994
-11.292577861761856
-11.328385676865082
-0.0
-0.0
-0.0
-2.561409601092714
-2.5810414129921546
-0.0
-18.296573564260676
-18.296573564260676
-20.852288006725264
13.128537760070131
-8.632854988679844
-8.597047173576616
0.8732969269214852
-16.34591242914183
-16.098750599985102
-16.381720244245056
-16.13455841508833
-8.407207911410612
-9.227864261322136
10.32217205230378
11.142828402215304
-0.0
-0.0
-0.0
8.76552581463637
0.5166134689674055
1.3372698188789294
-17.88227138587946
-23.275761720984367
4.475181164656978
-3.312055674573644
-2.085703080325451
-23.638528189876403
Inf
Inf
-0.0
-17.3075517566671
-0.0
-0.0
-0.0
-21.577042702121737
-24.526799733673617
-22.191640390511445
-27.887581443860977
0.6207258183878535
3.3669098401855093
23.075705754446155
-23.891099298410033
-35.632237909513165
-35.66804572461639
-0.0
-0.0
17.798320322875025
3.2935780979101636
-0.0
-1.038750812046841
13.177544208770119
3.153766711694157
-0.0
5.405767815742336
-0.0
5.381231778253119
3.849897566627828
-21.58130900730919
-18.3323813793639
-20.543373438766558
