5.549567899718477e-12
3.5242295481553525e-12
1.5443078642073566e-12
1.5442878642073568e-12
4.548099861715675e-12
4.548119861715675e-12
9.70888848376444e-13
2.6097593725907198e-12
2.6857357208883475e-12
1.2485127094227638e-12
2.9978212619972573e-12
1.1626045623860142e-11
1.000000000000001e-17
2.3487793467851876e-12
7.698767134569797e-13
9.145001753032438e-13
7.808109746676582e-13
3.0457616644735153e-13
1.606222002856052e-12
9.708688483764442e-13
1.000000000000001e-17
1.000000000000001e-17
9.39900513399585e-13
6.513438122152152e-13
1.000000000000001e-17
2.5068117625811735e-13
1.000000000000001e-17
1.000000000000001e-17
7.47034851467629e-13
1.000000000000001e-17
1.000000000000001e-17
1.1337071620777374e-12
6.777127395113803e-13
1.000000000000001e-17
1.000000000000001e-17
1.000000000000001e-17
3.2297037384697394e-13
2.3487593467851874e-12
3.257918402038357e-12
7.715456496759343e-12
1.1206001475132671e-11
1.6182078828772192e-12
1.52573245014717e-12
3.5053824309857725e-12
2.6410738222762346e-13
1.000000000000001e-17
2.8803679266673683e-13
1.000000000000001e-17
3.16961523518417e-13
7.715476496759342e-12
9.52661239312933e-14
9.552616780986065e-13
1.1337271620777373e-12
1.000000000000001e-17
1.0710669071235768e-13
1.285601483890704e-12
4.775774488037858e-12
2.5443309131647425e-13
1.1264033889116833e-14
1.675693585934682e-13
5.067283601679687e-14
1.000000000000001e-17
1.000000000000001e-17
4.82568384280011e-12
1.000000000000001e-17
2.834529324022992e-12
2.8345093240229917e-12
1.000000000000001e-17
8.89460114711801e-13
8.800981590636123e-13
1.4253057090297462e-12
1.000000000000001e-17
1.000000000000001e-17
4.797533904231437e-13
1.1715731978184185e-13
0.0
2.514370264563401e-13
3.9427097293804255e-12
7.001891132879942e-13
1.000000000000001e-17
6.440636540610963e-13
4.82566384280011e-12
2.450503614541177e-12
1.000000000000001e-17
6.83773785550491e-13
2.8144388461997073e-12
5.417185326349955e-13
1.000000000000001e-17
2.1350418692761307e-12
2.4843319493822977e-12
1.803572505644938e-23
1.4252857090297463e-12
5.538493052230597e-12
1.000000000000001e-17
4.2917330298119494e-13
3.063700048936714e-12
3.2877543775919736e-13
1.3226889970204473e-12
9.185939458814795e-13
4.3566579545939115e-13
1.3226689970204475e-12
3.741176965034907e-12
1.000000000000001e-17
1.000000000000001e-17
9.714841769831198e-14
9.712841769831197e-14
1.000000000000001e-17
1.0204807737831817e-12
3.417398166246933e-14
1.9752066366346537e-12
1.000000000000001e-17
1.0329893626222021e-11
1.000000000000001e-17
4.3416906353088024e-15
2.563786761428326e-13
1.000000000000001e-17
4.361690635308802e-15
9.186139458814794e-13
1.000000000000001e-17
1.3744152493292397e-12
1.000000000000001e-17
7.941817944762323e-13
1.000000000000001e-17
1.1914350003493663e-13
9.697320827574867e-13
1.000000000000001e-17
4.814702043367296e-13
3.1270614857297824e-23
4.599840257095966e-15
2.327451539386621e-13
0.0
1.000000000000001e-17
1.000000000000001e-17
1.000000000000001e-17
1.7553357635381228e-12
3.000000000000003e-17
1.000000000000001e-17
4.000000000000004e-17
1.000000000000001e-17
1.000000000000001e-17
3.1128441308320715e-13
0.0
1.000000000000001e-17
1.3913826428646585e-13
1.755315763538123e-12
1.086033465428608e-12
1.000000000000001e-17
7.246150378313903e-14
6.470228711067979e-13
1.985227695696838e-13
1.000000000000001e-17
2.7890777110120995e-12
1.000000000000001e-17
9.956856916874454e-13
4.808380546484687e-13
2.269592931417776e-12
2.281890886156615e-13
7.698567134569796e-13
1.000000000000001e-17
1.000000000000001e-17
1.000000000000001e-17
2.725886448980366e-13
0.0
1.000000000000001e-17
1.000000000000001e-17
1.000000000000001e-17
8.760804971803124e-14
1.000000000000001e-17
2.6058157706502155e-13
0.0
1.000000000000001e-17
1.000000000000001e-17
1.000000000000001e-17
1.000000000000001e-17
1.000000000000001e-17
1.000000000000001e-17
1.000000000000001e-17
1.000000000000001e-17
1.000000000000001e-17
1.000000000000001e-17
1.000000000000001e-17
4.814902043367296e-13
1.0860134654286082e-12
0.0
1.985027695696838e-13
1.000000000000001e-17
1.000000000000001e-17
1.000000000000001e-17
6.056736949001595e-13
6.813243965013356e-14
1.000000000000001e-17
1.000000000000001e-17
1.000000000000001e-17
1.000000000000001e-17
1.000000000000001e-17
2.2009969028093375e-13
2.6611282507203998e-12
7.070559060557434e-13
1.000000000000001e-17
4.1069807450658195e-12
1.000000000000001e-17
1.000000000000001e-17
1.000000000000001e-17
1.000000000000001e-17
5.18642049535904e-13
4.7731135952554263e-14
5.244649084622225e-13
4.767637725083306e-13
4.814902043367296e-13
4.814702043367296e-13
1.000000000000001e-17
1.000000000000001e-17
1.000000000000001e-17
1.000000000000001e-17
6.647206426563066e-14
1.000000000000001e-17
1.000000000000001e-17
1.000000000000001e-17
1.000000000000001e-17
1.000000000000001e-17
1.000000000000001e-17
9.641047382022797e-14
1.000000000000001e-17
1.000000000000001e-17
1.000000000000001e-17
1.000000000000001e-17
4.452637430514993e-14
0.0
3.000000000000003e-17
1.000000000000001e-17
1.000000000000001e-17
1.000000000000001e-17
1.209745846841452e-12
0.0
0.0
3.000000000000003e-17
0.0
0.0
0.0
3.000000000000003e-17
0.0
1.000000000000001e-17
7.941617944762323e-13
1.000000000000001e-17
1.000000000000001e-17
1.000000000000001e-17
1.000000000000001e-17
1.000000000000001e-17
1.000000000000001e-17
1.000000000000001e-17
1.000000000000001e-17
1.000000000000001e-17
1.000000000000001e-17
1.000000000000001e-17
1.000000000000001e-17
1.000000000000001e-17
1.000000000000001e-17
1.000000000000001e-17
1.000000000000001e-17
1.000000000000001e-17
1.000000000000001e-17
1.000000000000001e-17
1.000000000000001e-17
1.000000000000001e-17
1.000000000000001e-17
1.000000000000001e-17
3.000000000000003e-17
1.000000000000001e-17
1.000000000000001e-17
1.000000000000001e-17
1.000000000000001e-17
1.000000000000001e-17
1.000000000000001e-17
1.000000000000001e-17
1.000000000000001e-17
1.000000000000001e-17
1.000000000000001e-17
1.000000000000001e-17
1.000000000000001e-17
1.000000000000001e-17
1.000000000000001e-17
1.000000000000001e-17
1.000000000000001e-17
1.000000000000001e-17
1.000000000000001e-17
