3.760129289359478e-14
1.0634617167786167e-14
1.939105999044594e-14
6.089400095540759e-16
4.2046088998295226e-14
6.204608899829524e-14
1.4963844972649298e-14
1.4526125741730164e-14
5.177909257576097e-14
7.589658977404033e-15
1.2561144255708614e-16
1.008094837843831e-14
1.0000000000000008e-14
1.8591610614546197e-14
3.350803284279206e-14
2.6108491009777384e-14
3.378347122833845e-14
1.2236536266621783e-16
4.142300963883806e-15
5.0361550273507174e-15
1.0000000000000008e-14
1.0000000000000008e-14
3.43373920701655e-14
9.334110860458579e-15
1.0000000000000008e-14
2.5473677574088467e-14
1.0000000000000008e-14
1.0000000000000008e-14
1.9579712950619047e-14
1.0000000000000008e-14
1.0000000000000008e-14
7.124558433942538e-15
8.993718956380322e-16
1.0000000000000008e-14
1.0000000000000008e-14
1.0000000000000008e-14
1.2085767545939091e-14
1.4083893854538184e-15
8.35271869616079e-14
1.3077909856283443e-14
2.284938102257869e-14
2.1523328934945813e-13
1.5578290882768738e-14
2.378621025132968e-13
3.989883951294013e-14
1.0000000000000008e-14
3.189264916224289e-14
1.0000000000000008e-14
4.6918986151050616e-14
3.307790985628346e-14
5.754220457988911e-17
7.747809540144297e-16
1.2875441566057478e-14
1.0000000000000008e-14
1.8461574525036572e-16
5.83102149217127e-15
1.7911370826779008e-13
3.4944159954370325e-16
5.2232758923349185e-17
2.3139165687543683e-16
2.8826152353380176e-14
1.0000000000000008e-14
1.0000000000000008e-14
1.878494399216775e-14
1.0000000000000008e-14
1.7909962000179447e-14
2.0900379998205688e-15
1.0000000000000008e-14
1.4360202336803826e-14
3.1647964221528913e-14
9.795371865941173e-16
1.0000000000000008e-14
1.0000000000000008e-14
7.997859275789513e-15
1.9851500046242162e-16
0.0
3.336984815247479e-14
1.2023605293482646e-14
4.63380073275901e-15
1.0000000000000008e-14
4.3085367620612276e-14
1.2150560078322658e-15
5.083973195265682e-14
1.0000000000000008e-14
9.415624489756056e-16
1.7549707491417954e-14
1.990286110872127e-15
1.0000000000000008e-14
3.124910934253087e-14
1.1420671524953361e-14
1.6664629824808698e-23
1.9020462813405898e-14
5.261663028159486e-15
1.0000000000000008e-14
5.286070330881619e-16
1.6466266133523917e-15
6.773669176884143e-16
2.1356082844170135e-14
2.2877586465117153e-14
2.5752807958118292e-14
1.3560828441701191e-15
8.255179849823983e-14
1.0000000000000008e-14
1.0000000000000008e-14
2.242703756694437e-14
2.427037566944354e-15
1.0000000000000008e-14
2.5753669797356476e-14
8.080901563658393e-17
5.713032870277356e-14
1.0000000000000008e-14
5.702196439554962e-15
1.0000000000000008e-14
3.091348992630038e-17
2.719978455344857e-16
1.0000000000000008e-14
1.9969086510073715e-14
2.8775864651171373e-15
1.0000000000000008e-14
4.44192302279363e-14
1.0000000000000008e-14
2.2495636574968234e-14
1.0000000000000008e-14
2.0133689531949025e-16
3.3008637278395516e-14
1.0000000000000008e-14
3.032988782705837e-14
2.965748447816085e-23
2.7045192661387524e-17
3.9067431149020135e-16
0.0
1.0000000000000008e-14
1.0000000000000008e-14
1.0000000000000008e-14
2.2230632821386294e-14
3.0000000000000024e-14
1.0000000000000008e-14
4.000000000000003e-14
1.0000000000000008e-14
1.0000000000000008e-14
4.7691806771943095e-16
0.0
1.0000000000000008e-14
2.289167993286056e-16
2.230632821386278e-15
6.075020520121035e-16
1.0000000000000008e-14
6.27114310296981e-17
2.0375765426524857e-15
2.0883609985751583e-15
1.0000000000000008e-14
4.5941288432038064e-14
1.0000000000000008e-14
1.2077474219882745e-14
5.832762012142381e-15
6.317295344298462e-15
2.2428363656338265e-14
1.3508032842792042e-14
1.0000000000000008e-14
1.0000000000000008e-14
1.0000000000000008e-14
3.807171016080213e-16
0.0
1.0000000000000008e-14
1.0000000000000008e-14
1.0000000000000008e-14
1.576778856269553e-16
1.0000000000000008e-14
6.96929567121726e-16
0.0
1.0000000000000008e-14
1.0000000000000008e-14
1.0000000000000008e-14
1.0000000000000008e-14
1.0000000000000008e-14
1.0000000000000008e-14
1.0000000000000008e-14
1.0000000000000008e-14
1.0000000000000008e-14
1.0000000000000008e-14
1.0000000000000008e-14
1.0329887827058352e-14
1.9392497947987912e-14
0.0
2.2088360998575174e-14
1.0000000000000008e-14
1.0000000000000008e-14
1.0000000000000008e-14
1.3059963140814736e-14
1.298945333476482e-16
1.0000000000000008e-14
1.0000000000000008e-14
1.0000000000000008e-14
1.0000000000000008e-14
1.0000000000000008e-14
1.7915136211846812e-13
4.677629372319959e-14
9.961640021871008e-15
1.0000000000000008e-14
1.6177834776568974e-14
1.0000000000000008e-14
1.0000000000000008e-14
1.0000000000000008e-14
1.0000000000000008e-14
1.4740198813709466e-14
9.337861197196156e-17
1.6869401734705246e-15
3.15935615638696e-14
1.741994151705639e-14
2.5800584829436272e-15
1.0000000000000008e-14
1.0000000000000008e-14
1.0000000000000008e-14
1.0000000000000008e-14
2.4310436567162437e-14
1.0000000000000008e-14
1.0000000000000008e-14
1.0000000000000008e-14
1.0000000000000008e-14
1.0000000000000008e-14
1.0000000000000008e-14
5.194936194065433e-17
1.0000000000000008e-14
1.0000000000000008e-14
1.0000000000000008e-14
1.0000000000000008e-14
1.211141776994011e-14
0.0
3.0000000000000024e-14
1.0000000000000008e-14
1.0000000000000008e-14
1.0000000000000008e-14
3.8947561982639227e-14
0.0
0.0
3.0000000000000024e-14
0.0
0.0
0.0
3.0000000000000024e-14
0.0
1.0000000000000008e-14
2.495636574968218e-15
1.0000000000000008e-14
1.0000000000000008e-14
1.0000000000000008e-14
1.0000000000000008e-14
1.0000000000000008e-14
1.0000000000000008e-14
1.0000000000000008e-14
1.0000000000000008e-14
1.0000000000000008e-14
1.0000000000000008e-14
1.0000000000000008e-14
1.0000000000000008e-14
1.0000000000000008e-14
1.0000000000000008e-14
1.0000000000000008e-14
1.0000000000000008e-14
1.0000000000000008e-14
1.0000000000000008e-14
1.0000000000000008e-14
1.0000000000000008e-14
1.0000000000000008e-14
1.0000000000000008e-14
1.0000000000000008e-14
3.0000000000000024e-14
1.0000000000000008e-14
1.0000000000000008e-14
1.0000000000000008e-14
1.0000000000000008e-14
1.0000000000000008e-14
1.0000000000000008e-14
1.0000000000000008e-14
1.0000000000000008e-14
1.0000000000000008e-14
1.0000000000000008e-14
1.0000000000000008e-14
1.0000000000000008e-14
1.0000000000000008e-14
1.0000000000000008e-14
1.0000000000000008e-14
1.0000000000000008e-14
1.0000000000000008e-14
1.0000000000000008e-14
