8.790854525024484e-13
7.070863003223047e-12
6.9685729939655565e-12
6.968574993965556e-12
4.530797727738347e-12
4.5307997277383466e-12
5.117404823887488e-14
1.2465532315557354e-11
1.9127187532282513e-12
9.753488766595212e-13
4.256239650189662e-12
3.695667389060333e-12
1.000000000000001e-18
2.508115419902583e-12
9.020919684268436e-14
5.394666312108486e-12
2.5966290075585323e-12
1.4235892797225605e-13
1.8610159607865775e-12
5.1176048238874883e-14
1.000000000000001e-18
1.000000000000001e-18
1.5777784159380647e-13
5.961410494433114e-13
1.000000000000001e-18
5.808919659782586e-13
1.000000000000001e-18
1.000000000000001e-18
8.60227394368437e-13
1.000000000000001e-18
1.000000000000001e-18
4.748301575105461e-13
4.216027738199897e-13
1.000000000000001e-18
1.000000000000001e-18
1.000000000000001e-18
1.0718012880287571e-12
2.5081134199025825e-12
6.832197786198949e-12
2.4029849870393375e-12
7.51167520238851e-12
1.2622412322802821e-12
2.28560697869534e-12
1.2530137103968004e-12
1.6150782629430352e-12
1.000000000000001e-18
1.0061357208778574e-12
1.000000000000001e-18
2.4803241166724696e-13
2.402986987039338e-12
1.4677776794955064e-14
1.280147119725787e-13
4.74832157510546e-13
1.000000000000001e-18
4.1472884786237347e-14
2.7180312084038784e-13
2.652270874029548e-12
1.5208813551331974e-13
1.4114077330281266e-14
1.0013130127080775e-13
1.5243373167339904e-13
1.000000000000001e-18
1.000000000000001e-18
4.688226414319222e-12
1.000000000000001e-18
4.394426520084833e-12
4.394424520084833e-12
1.000000000000001e-18
1.752398570543453e-12
7.447908680317743e-14
1.0821803483813923e-12
1.000000000000001e-18
1.000000000000001e-18
9.759077413519605e-13
4.7530262149238483e-14
0.0
8.388089484076633e-13
4.30476799107584e-12
1.7153891917844827e-12
1.000000000000001e-18
3.0638447894863557e-13
4.688224414319222e-12
1.3770682621675351e-12
1.000000000000001e-18
4.0861925334661554e-13
2.6727695764222884e-13
4.390650728622731e-13
1.000000000000001e-18
1.9445955776571854e-13
3.0730492392180716e-12
7.760576629948424e-23
1.0821783483813923e-12
2.1078297231786314e-13
1.000000000000001e-18
1.8818107011615618e-13
9.006053778294574e-13
2.090460858867088e-13
5.668442621833198e-13
5.29878526689106e-13
9.66046368448369e-13
5.668422621833198e-13
1.031273496727237e-12
1.000000000000001e-18
1.000000000000001e-18
8.298294857707743e-13
8.298274857707744e-13
1.000000000000001e-18
9.639296820591116e-13
1.201769915203112e-14
3.8204679414772533e-13
1.000000000000001e-18
9.261432068396658e-12
1.000000000000001e-18
1.669731096041529e-14
1.4507014206525058e-13
1.000000000000001e-18
1.669931096041529e-14
5.29876526689106e-13
1.000000000000001e-18
4.175260852805017e-12
1.000000000000001e-18
1.6121595892815683e-13
1.000000000000001e-18
5.006767142393428e-14
2.750661878693257e-14
1.000000000000001e-18
2.354505175847393e-13
1.1431317295242023e-23
3.639699170440702e-14
8.400021263547275e-14
0.0
1.000000000000001e-18
1.000000000000001e-18
1.000000000000001e-18
1.4211009641745185e-12
3.0000000000000033e-18
1.000000000000001e-18
4.000000000000004e-18
1.000000000000001e-18
1.000000000000001e-18
1.590764947244062e-13
0.0
1.000000000000001e-18
6.196357563272056e-14
1.4210989641745186e-12
1.1672057927689786e-12
1.000000000000001e-18
6.4240820834892e-14
2.2025633161765108e-13
5.841583934198189e-13
1.000000000000001e-18
4.028824172218252e-12
1.000000000000001e-18
3.0461350420952174e-13
2.871701475420943e-13
1.5394779286748044e-12
1.9619218195355207e-13
9.020719684268437e-14
1.000000000000001e-18
1.000000000000001e-18
1.000000000000001e-18
1.7609730246402775e-13
0.0
1.000000000000001e-18
1.000000000000001e-18
1.000000000000001e-18
3.1055877930489956e-14
1.000000000000001e-18
6.639763050754559e-15
0.0
1.000000000000001e-18
1.000000000000001e-18
1.000000000000001e-18
1.000000000000001e-18
1.000000000000001e-18
1.000000000000001e-18
1.000000000000001e-18
1.000000000000001e-18
1.000000000000001e-18
1.000000000000001e-18
1.000000000000001e-18
2.354485175847393e-13
1.1672077927689785e-12
0.0
5.84156393419819e-13
1.000000000000001e-18
1.000000000000001e-18
1.000000000000001e-18
4.3719772414378875e-13
1.6777257942921108e-14
1.000000000000001e-18
1.000000000000001e-18
1.000000000000001e-18
1.000000000000001e-18
1.000000000000001e-18
1.6547226827332366e-13
1.1037836726653307e-12
1.3737530574271172e-12
1.000000000000001e-18
1.739944312325406e-13
1.000000000000001e-18
1.000000000000001e-18
1.000000000000001e-18
1.000000000000001e-18
2.6991061902060793e-13
3.5319089863834607e-14
7.24156745770596e-13
6.88840655906645e-13
2.354485175847393e-13
2.354505175847393e-13
1.000000000000001e-18
1.000000000000001e-18
1.000000000000001e-18
1.000000000000001e-18
8.420160889162681e-14
1.000000000000001e-18
1.000000000000001e-18
1.000000000000001e-18
1.000000000000001e-18
1.000000000000001e-18
1.000000000000001e-18
1.5546202740467412e-14
1.000000000000001e-18
1.000000000000001e-18
1.000000000000001e-18
1.000000000000001e-18
3.1430989008790713e-13
0.0
3.0000000000000033e-18
1.000000000000001e-18
1.000000000000001e-18
1.000000000000001e-18
2.5390414818076202e-12
0.0
0.0
3.0000000000000033e-18
0.0
0.0
0.0
3.0000000000000033e-18
0.0
1.000000000000001e-18
1.6121795892815682e-13
1.000000000000001e-18
1.000000000000001e-18
1.000000000000001e-18
1.000000000000001e-18
1.000000000000001e-18
1.000000000000001e-18
1.000000000000001e-18
1.000000000000001e-18
1.000000000000001e-18
1.000000000000001e-18
1.000000000000001e-18
1.000000000000001e-18
1.000000000000001e-18
1.000000000000001e-18
1.000000000000001e-18
1.000000000000001e-18
1.000000000000001e-18
1.000000000000001e-18
1.000000000000001e-18
1.000000000000001e-18
1.000000000000001e-18
1.000000000000001e-18
1.000000000000001e-18
3.0000000000000033e-18
1.000000000000001e-18
1.000000000000001e-18
1.000000000000001e-18
1.000000000000001e-18
1.000000000000001e-18
1.000000000000001e-18
1.000000000000001e-18
1.000000000000001e-18
1.000000000000001e-18
1.000000000000001e-18
1.000000000000001e-18
1.000000000000001e-18
1.000000000000001e-18
1.000000000000001e-18
1.000000000000001e-18
1.000000000000001e-18
1.000000000000001e-18
1.000000000000001e-18
