4.574443790925461e-12
3.779423498672643e-12
5.62793849063748e-13
5.64793849063748e-13
1.8251980866346554e-13
1.8451980866346553e-13
2.296037576336456e-14
3.4889188029989406e-12
3.813204134461447e-12
9.479340175159338e-12
6.185168701142835e-13
2.242543394932061e-12
1.0000000000000009e-15
1.3870874374211033e-14
1.9474711170569194e-13
2.875046957531119e-13
3.87243015999107e-12
4.399499596383054e-12
5.94730927746533e-14
2.4960375763364565e-14
1.0000000000000009e-15
1.0000000000000009e-15
9.010922597210053e-13
2.831294399657412e-13
1.0000000000000009e-15
2.73653836533841e-12
1.0000000000000009e-15
1.0000000000000009e-15
3.5829844864961454e-13
1.0000000000000009e-15
1.0000000000000009e-15
1.1444287506055704e-12
1.7477225130387177e-13
1.0000000000000009e-15
1.0000000000000009e-15
1.0000000000000009e-15
6.595707617019584e-13
1.1870874374211032e-14
1.6230517127765407e-12
4.319533925411765e-12
9.72767316673189e-13
1.8875233579077513e-12
1.8056061896105207e-13
1.4361643173754375e-12
6.134727377135754e-13
1.0000000000000009e-15
1.1161373481871216e-12
1.0000000000000009e-15
4.95408321984992e-13
4.3175339254117654e-12
2.2280667279714793e-14
2.156033986530891e-13
1.1464287506055706e-12
1.0000000000000009e-15
1.0332072138959788e-13
3.1388583641497825e-13
1.8127700431100094e-12
2.0268332194358567e-14
7.616539275433721e-14
8.246685055493676e-15
1.2908404996274346e-13
1.0000000000000009e-15
1.0000000000000009e-15
1.6808970819064675e-12
1.0000000000000009e-15
1.999325753321132e-12
2.001325753321132e-12
1.0000000000000009e-15
5.257362280583854e-13
3.593070524374316e-12
1.2469218679274648e-12
1.0000000000000009e-15
1.0000000000000009e-15
1.0677832829278787e-12
7.508406166749334e-14
0.0
4.43846336082606e-13
2.5444045680329042e-12
4.772688765051586e-13
1.0000000000000009e-15
1.0772601656597341e-12
1.6788970819064674e-12
3.751490858886056e-12
1.0000000000000009e-15
7.894831394862228e-14
1.2639243739119356e-13
6.816975833398047e-13
1.0000000000000009e-15
3.557439271281994e-13
5.39906262930549e-13
3.627492858972417e-24
1.2449218679274646e-12
4.2077219453426737e-13
1.0000000000000009e-15
8.194825543358987e-14
1.4990174784233596e-12
4.3451273014239526e-13
9.672182469163844e-13
7.947827388985894e-15
2.709372236956579e-13
9.652182469163842e-13
8.896425045390262e-14
1.0000000000000009e-15
1.0000000000000009e-15
4.2220919044899916e-13
4.2420919044899915e-13
1.0000000000000009e-15
6.822386972585805e-14
7.175737952783712e-14
1.6461945974801408e-13
1.0000000000000009e-15
3.097237664578855e-13
1.0000000000000009e-15
1.0000000000000009e-15
3.671892138886922e-12
1.1525047272169358e-13
1.0000000000000009e-15
3.673892138886921e-12
9.947827388985895e-15
1.0000000000000009e-15
1.677573977133579e-12
1.0000000000000009e-15
3.9770122646327145e-14
1.0000000000000009e-15
7.419124865192433e-14
1.237492739093818e-13
1.0000000000000009e-15
4.4008211425721813e-14
6.298674491663915e-24
6.352841997213475e-14
1.4736276333598644e-13
0.0
1.0000000000000009e-15
1.0000000000000009e-15
1.0000000000000009e-15
3.6991888980762324e-13
3.0000000000000026e-15
1.0000000000000009e-15
4.0000000000000035e-15
1.0000000000000009e-15
1.0000000000000009e-15
1.3643986270164425e-13
1.2443236031552693e-13
0.0
1.0000000000000009e-15
7.59933111896671e-14
3.6791888980762325e-13
6.221806063867141e-13
1.0000000000000009e-15
6.677748895527051e-14
1.3056180501687034e-13
2.2803517169185375e-15
1.0000000000000009e-15
1.5867460307722606e-12
1.0000000000000009e-15
3.2773043335502845e-13
5.413655529088538e-15
6.537987276205e-13
9.127704323790593e-14
1.9674711170569193e-13
1.0000000000000009e-15
1.0000000000000009e-15
1.0000000000000009e-15
2.236616967109595e-14
0.0
1.0000000000000009e-15
1.0000000000000009e-15
1.0000000000000009e-15
7.663413234531043e-14
5.592045161553967e-14
1.0000000000000009e-15
7.651689648388325e-15
0.0
1.0000000000000009e-15
1.0000000000000009e-15
1.0000000000000009e-15
1.0000000000000009e-15
1.0000000000000009e-15
1.0000000000000009e-15
1.0000000000000009e-15
1.0000000000000009e-15
1.0000000000000009e-15
1.0000000000000009e-15
1.0000000000000009e-15
4.200821142572181e-14
6.241806063867141e-13
0.0
4.280351716918539e-15
1.0000000000000009e-15
1.0000000000000009e-15
1.0000000000000009e-15
9.084536793849576e-13
6.837870586629979e-14
1.0000000000000009e-15
1.0000000000000009e-15
1.0000000000000009e-15
1.0000000000000009e-15
1.0000000000000009e-15
2.6282889360616445e-12
2.7217453824360663e-13
7.200853471895525e-13
1.0000000000000009e-15
7.514312017566093e-13
1.0000000000000009e-15
1.0000000000000009e-15
1.0000000000000009e-15
1.0000000000000009e-15
2.557988261332627e-13
8.698509868689204e-15
6.907015025804664e-14
7.476866013267798e-14
4.023185458632156e-14
4.223185458632156e-14
1.0000000000000009e-15
1.0000000000000009e-15
1.0000000000000009e-15
1.0000000000000009e-15
6.746343128779652e-14
1.0000000000000009e-15
1.0000000000000009e-15
1.0000000000000009e-15
1.0000000000000009e-15
1.0000000000000009e-15
1.0000000000000009e-15
1.0000000000000009e-15
2.207339797382812e-14
1.0000000000000009e-15
1.0000000000000009e-15
1.0000000000000009e-15
1.0000000000000009e-15
6.352304042168427e-14
0.0
3.0000000000000026e-15
1.0000000000000009e-15
1.0000000000000009e-15
1.0000000000000009e-15
9.974800254129856e-13
0.0
0.0
3.0000000000000026e-15
0.0
0.0
0.0
3.0000000000000026e-15
0.0
1.0000000000000009e-15
4.177012264632715e-14
1.0000000000000009e-15
1.0000000000000009e-15
1.0000000000000009e-15
1.0000000000000009e-15
1.0000000000000009e-15
1.0000000000000009e-15
1.0000000000000009e-15
1.0000000000000009e-15
1.0000000000000009e-15
1.0000000000000009e-15
1.0000000000000009e-15
1.0000000000000009e-15
1.0000000000000009e-15
1.0000000000000009e-15
1.0000000000000009e-15
1.0000000000000009e-15
1.0000000000000009e-15
1.0000000000000009e-15
1.0000000000000009e-15
1.0000000000000009e-15
1.0000000000000009e-15
1.0000000000000009e-15
1.0000000000000009e-15
3.0000000000000026e-15
1.0000000000000009e-15
1.0000000000000009e-15
1.0000000000000009e-15
1.0000000000000009e-15
1.0000000000000009e-15
1.0000000000000009e-15
1.0000000000000009e-15
1.0000000000000009e-15
1.0000000000000009e-15
1.0000000000000009e-15
1.0000000000000009e-15
1.0000000000000009e-15
1.0000000000000009e-15
1.0000000000000009e-15
1.0000000000000009e-15
1.0000000000000009e-15
1.0000000000000009e-15
1.0000000000000009e-15
