6.879721920436228e-12
1.6913380580728191e-12
5.406022657822883e-13
5.406122657822883e-13
3.661367245973788e-13
3.661467245973788e-13
2.497744841003256e-15
3.0221531608676796e-12
5.53567831622711e-12
7.484351430236764e-12
1.1707956676798322e-12
1.5526216890704154e-12
5.000000000000005e-18
5.285956122343415e-13
7.164996991338454e-14
1.3308301027154513e-12
2.752079528844598e-12
3.5921827499502166e-12
1.1996727781456575e-12
2.4877448410032563e-15
5.000000000000005e-18
5.000000000000005e-18
3.902875921863553e-12
8.17155245371308e-13
5.000000000000005e-18
1.4302247710335683e-12
5.000000000000005e-18
5.000000000000005e-18
2.217734493216095e-12
5.000000000000005e-18
5.000000000000005e-18
4.354326297083316e-13
1.791364463350413e-13
5.000000000000005e-18
5.000000000000005e-18
5.000000000000005e-18
1.217600967247375e-12
5.285856122343416e-13
1.0109775453775782e-12
3.2111192962977413e-12
8.379525283911148e-13
1.1633299002823941e-12
2.106702585117224e-12
3.946848007752785e-12
7.810996282897779e-13
5.000000000000005e-18
1.3704733178395003e-12
5.000000000000005e-18
9.658050741287107e-14
3.211109296297741e-12
1.7567113076828325e-14
2.752936797371009e-13
4.3542262970833156e-13
5.000000000000005e-18
9.338214898010432e-14
4.3928956734514585e-13
1.0146711845478877e-12
2.085973577187406e-14
7.910017354633923e-14
8.486985310793378e-15
1.0082051722392298e-13
5.000000000000005e-18
5.000000000000005e-18
1.549220484772277e-12
5.000000000000005e-18
8.365320043627433e-13
8.365220043627434e-13
5.000000000000005e-18
1.159241993338791e-14
1.1738080406349938e-12
1.1261567214265356e-12
5.000000000000005e-18
5.000000000000005e-18
1.335550104549495e-12
7.798715700662751e-14
0.0
3.333042001729633e-13
1.339014932180801e-12
1.021457590009543e-12
5.000000000000005e-18
2.664993441829203e-13
1.549210484772277e-12
1.8294856705617625e-12
5.000000000000005e-18
8.126122497220049e-14
1.305678806619434e-13
1.1390427204971534e-12
5.000000000000005e-18
6.779782376061544e-13
4.423668429725953e-14
3.5487642129921576e-23
1.1261467214265355e-12
5.979204819196592e-13
5.000000000000005e-18
8.50451531865037e-14
3.5039050367038417e-13
2.0277082570131878e-13
6.718532291418928e-13
1.6478226835499432e-14
1.6969094669835418e-12
6.718432291418929e-13
9.987902284457838e-13
5.000000000000005e-18
5.000000000000005e-18
2.789091473623928e-13
2.7889914736239277e-13
5.000000000000005e-18
1.8206414584434306e-12
7.457921310382961e-14
8.040016585657314e-13
5.000000000000005e-18
6.727797634940626e-13
5.000000000000005e-18
5.000000000000005e-18
3.0003823793798026e-13
1.1497453938891828e-13
5.000000000000005e-18
3.000482379379803e-13
1.648822683549943e-14
5.000000000000005e-18
1.3623745175307127e-12
5.000000000000005e-18
3.4109353444235996e-14
5.000000000000005e-18
7.706787703156108e-14
4.9160746747584e-13
5.000000000000005e-18
5.831794321637708e-14
1.2326584978436801e-23
6.6119206274344e-14
1.53111503201347e-13
0.0
5.000000000000005e-18
5.000000000000005e-18
5.000000000000005e-18
1.1405792051233086e-12
1.5000000000000016e-17
5.000000000000005e-18
2.000000000000002e-17
5.000000000000005e-18
5.000000000000005e-18
1.4013282270584456e-13
1.2914309734988474e-13
0.0
5.000000000000005e-18
7.892260717081841e-14
1.1405692051233085e-12
1.0935292770944652e-13
5.000000000000005e-18
6.943868981268094e-14
1.6540686964452864e-13
3.562080700272023e-14
5.000000000000005e-18
1.8976778155738355e-12
5.000000000000005e-18
5.781984253837202e-13
4.212381705599033e-13
4.69364919791338e-13
3.7434080054089515e-13
7.165996991338454e-14
5.000000000000005e-18
5.000000000000005e-18
5.000000000000005e-18
2.298870366708567e-14
0.0
5.000000000000005e-18
5.000000000000005e-18
5.000000000000005e-18
7.958255787602996e-14
5.6512853785685476e-14
5.000000000000005e-18
2.8307580127464598e-14
0.0
5.000000000000005e-18
5.000000000000005e-18
5.000000000000005e-18
5.000000000000005e-18
5.000000000000005e-18
5.000000000000005e-18
5.000000000000005e-18
5.000000000000005e-18
5.000000000000005e-18
5.000000000000005e-18
5.000000000000005e-18
5.830794321637709e-14
1.0936292770944652e-13
0.0
3.5610807002720225e-14
5.000000000000005e-18
5.000000000000005e-18
5.000000000000005e-18
1.0327055272629353e-12
7.109349445543775e-14
5.000000000000005e-18
5.000000000000005e-18
5.000000000000005e-18
5.000000000000005e-18
5.000000000000005e-18
4.4826453952621344e-13
9.279749255818825e-13
1.4959347219397386e-13
5.000000000000005e-18
8.341064090403349e-13
5.000000000000005e-18
5.000000000000005e-18
5.000000000000005e-18
5.000000000000005e-18
5.956066030574377e-13
9.139971037350106e-15
3.906639379424713e-14
4.8191364831196566e-14
5.830794321637709e-14
5.831794321637708e-14
5.000000000000005e-18
5.000000000000005e-18
5.000000000000005e-18
5.000000000000005e-18
5.077903167446532e-13
5.000000000000005e-18
5.000000000000005e-18
5.000000000000005e-18
5.000000000000005e-18
5.000000000000005e-18
5.000000000000005e-18
5.000000000000005e-18
1.7336100208685627e-14
5.000000000000005e-18
5.000000000000005e-18
5.000000000000005e-18
5.000000000000005e-18
6.187260658399171e-14
0.0
1.5000000000000016e-17
5.000000000000005e-18
5.000000000000005e-18
5.000000000000005e-18
7.32429431105504e-13
0.0
0.0
1.5000000000000016e-17
0.0
0.0
0.0
1.5000000000000016e-17
0.0
5.000000000000005e-18
3.409935344423599e-14
5.000000000000005e-18
5.000000000000005e-18
5.000000000000005e-18
5.000000000000005e-18
5.000000000000005e-18
5.000000000000005e-18
5.000000000000005e-18
5.000000000000005e-18
5.000000000000005e-18
5.000000000000005e-18
5.000000000000005e-18
5.000000000000005e-18
5.000000000000005e-18
5.000000000000005e-18
5.000000000000005e-18
5.000000000000005e-18
5.000000000000005e-18
5.000000000000005e-18
5.000000000000005e-18
5.000000000000005e-18
5.000000000000005e-18
5.000000000000005e-18
5.000000000000005e-18
1.5000000000000016e-17
5.000000000000005e-18
5.000000000000005e-18
5.000000000000005e-18
5.000000000000005e-18
5.000000000000005e-18
5.000000000000005e-18
5.000000000000005e-18
5.000000000000005e-18
5.000000000000005e-18
5.000000000000005e-18
5.000000000000005e-18
5.000000000000005e-18
5.000000000000005e-18
5.000000000000005e-18
5.000000000000005e-18
5.000000000000005e-18
5.000000000000005e-18
5.000000000000005e-18
