1.285371525753875e-11
7.737735983589795e-12
2.63266152802961e-12
2.6326515280296097e-12
3.277302796256903e-14
3.2783027962569034e-14
1.154514899776014e-13
5.769115048607588e-13
9.125208761847889e-12
2.5781229988160185e-13
1.8612211320512275e-12
1.2804641712183493e-11
5.000000000000005e-18
1.9230602296592437e-12
1.0041507399998712e-13
8.314662488609372e-12
1.0514131510685098e-12
8.613298239985577e-14
4.3337644832840837e-13
1.1546148997760142e-13
5.000000000000005e-18
5.000000000000005e-18
2.989474591075534e-12
1.1948901225878174e-12
5.000000000000005e-18
3.4714630453908093e-13
5.000000000000005e-18
5.000000000000005e-18
1.1762699379720436e-12
5.000000000000005e-18
5.000000000000005e-18
1.4603442301510906e-12
5.948918191012141e-13
5.000000000000005e-18
5.000000000000005e-18
5.000000000000005e-18
1.8414953282896032e-13
1.9230502296592435e-12
4.2331811304527784e-14
4.1061858135459337e-13
1.0542126139242517e-11
2.5878664293101045e-12
1.188452055300545e-12
1.5890089334738996e-12
1.6340172247481659e-12
5.000000000000005e-18
6.792273223206139e-13
5.000000000000005e-18
8.453847456040641e-13
4.1060858135459336e-13
1.1994367390719711e-13
2.8557631298250764e-13
1.4603542301510907e-12
5.000000000000005e-18
7.562919323944776e-14
6.873112155833345e-13
2.946661267893558e-12
2.1803827029444406e-13
6.264376921190039e-15
1.4321081499282087e-13
7.918782711202132e-14
5.000000000000005e-18
5.000000000000005e-18
2.7158359246059465e-12
5.000000000000005e-18
2.7077863673063083e-12
2.7077763673063082e-12
5.000000000000005e-18
5.999055817506712e-13
6.870400276225081e-13
1.6830513288017101e-12
5.000000000000005e-18
5.000000000000005e-18
9.166696223827526e-13
8.41997407284624e-14
0.0
1.7108506145912359e-12
2.1493161446573997e-12
2.1080520891706614e-12
5.000000000000005e-18
1.146809218708693e-13
2.7158259246059464e-12
3.0539337107613425e-12
5.000000000000005e-18
5.859477894909691e-13
1.0698831824940723e-12
1.3253556712055762e-12
5.000000000000005e-18
1.5160447298802347e-12
2.3468144815662674e-13
3.5487642129921576e-23
1.68304132880171e-12
8.751205600324989e-13
5.000000000000005e-18
4.2047596546216314e-13
6.606246467989934e-13
2.795919165998495e-13
4.833477042945167e-13
8.147947707865981e-13
2.885555053775779e-13
4.833377042945168e-13
5.827515467728907e-12
5.000000000000005e-18
5.000000000000005e-18
1.6606155077976347e-13
1.660715507797635e-13
5.000000000000005e-18
8.029314068966848e-13
1.7810244977835216e-14
6.931957294585343e-14
5.000000000000005e-18
7.418180662569475e-12
5.000000000000005e-18
2.85448972790591e-14
1.367545536061985e-13
5.000000000000005e-18
2.855489727905911e-14
8.14804770786598e-13
5.000000000000005e-18
2.8307956103558834e-13
5.000000000000005e-18
4.888896421347885e-13
5.000000000000005e-18
8.583319992553248e-14
1.8969608344091246e-12
5.000000000000005e-18
3.8659330326808943e-13
1.7451917073472195e-23
1.467213988556136e-14
1.7216843578310472e-13
0.0
5.000000000000005e-18
5.000000000000005e-18
5.000000000000005e-18
7.534739370058825e-13
1.5000000000000016e-17
5.000000000000005e-18
2.000000000000002e-17
5.000000000000005e-18
5.000000000000005e-18
2.456728807714812e-13
0.0
5.000000000000005e-18
1.0294211033077825e-13
7.534639370058826e-13
1.8339456420557963e-13
5.000000000000005e-18
7.825556050849069e-14
9.533659437569938e-13
3.5996840327541305e-13
5.000000000000005e-18
1.3874593905534983e-12
5.000000000000005e-18
3.6923981587654085e-13
8.338847071065591e-13
6.546084909803358e-13
3.374484043238854e-13
1.0040507399998713e-13
5.000000000000005e-18
5.000000000000005e-18
5.000000000000005e-18
2.2674191193584646e-13
0.0
5.000000000000005e-18
5.000000000000005e-18
5.000000000000005e-18
5.896452918807666e-14
5.000000000000005e-18
1.6647005365726627e-13
0.0
5.000000000000005e-18
5.000000000000005e-18
5.000000000000005e-18
5.000000000000005e-18
5.000000000000005e-18
5.000000000000005e-18
5.000000000000005e-18
5.000000000000005e-18
5.000000000000005e-18
5.000000000000005e-18
5.000000000000005e-18
3.8660330326808945e-13
1.833845642055796e-13
0.0
3.5995840327541303e-13
5.000000000000005e-18
5.000000000000005e-18
5.000000000000005e-18
2.212068424267295e-13
4.363212019278086e-14
5.000000000000005e-18
5.000000000000005e-18
5.000000000000005e-18
5.000000000000005e-18
5.000000000000005e-18
2.0986601948394685e-12
1.5422082170809313e-13
8.036049950530363e-13
5.000000000000005e-18
7.274338875574961e-13
5.000000000000005e-18
5.000000000000005e-18
5.000000000000005e-18
5.000000000000005e-18
3.2976458917717844e-13
2.3196162718951122e-14
3.828802788366724e-13
3.5969911611923023e-13
3.8660330326808945e-13
3.8659330326808943e-13
5.000000000000005e-18
5.000000000000005e-18
5.000000000000005e-18
5.000000000000005e-18
8.656188092356267e-14
5.000000000000005e-18
5.000000000000005e-18
5.000000000000005e-18
5.000000000000005e-18
5.000000000000005e-18
5.000000000000005e-18
1.175186261550968e-13
5.000000000000005e-18
5.000000000000005e-18
5.000000000000005e-18
5.000000000000005e-18
9.025876777580946e-14
0.0
1.5000000000000016e-17
5.000000000000005e-18
5.000000000000005e-18
5.000000000000005e-18
1.5125939306052771e-12
0.0
0.0
1.5000000000000016e-17
0.0
0.0
0.0
1.5000000000000016e-17
0.0
5.000000000000005e-18
4.888996421347885e-13
5.000000000000005e-18
5.000000000000005e-18
5.000000000000005e-18
5.000000000000005e-18
5.000000000000005e-18
5.000000000000005e-18
5.000000000000005e-18
5.000000000000005e-18
5.000000000000005e-18
5.000000000000005e-18
5.000000000000005e-18
5.000000000000005e-18
5.000000000000005e-18
5.000000000000005e-18
5.000000000000005e-18
5.000000000000005e-18
5.000000000000005e-18
5.000000000000005e-18
5.000000000000005e-18
5.000000000000005e-18
5.000000000000005e-18
5.000000000000005e-18
5.000000000000005e-18
1.5000000000000016e-17
5.000000000000005e-18
5.000000000000005e-18
5.000000000000005e-18
5.000000000000005e-18
5.000000000000005e-18
5.000000000000005e-18
5.000000000000005e-18
5.000000000000005e-18
5.000000000000005e-18
5.000000000000005e-18
5.000000000000005e-18
5.000000000000005e-18
5.000000000000005e-18
5.000000000000005e-18
5.000000000000005e-18
5.000000000000005e-18
5.000000000000005e-18
5.000000000000005e-18
