1.0421546853953301e-14
1.853438529878366e-14
5.864072055642045e-16
1.4135927944357973e-15
1.4375709776738284e-14
1.637570977673829e-14
1.8151484963023914e-15
1.5420332823693995e-14
3.583231399372873e-15
4.151140162969988e-16
2.075031135007346e-15
1.9549906350869895e-14
1.0000000000000009e-15
4.712389474343965e-15
8.095364494130847e-16
6.114052795208566e-15
1.096127466313066e-15
1.2259396603165806e-16
2.77194262709485e-15
1.8485150369761033e-16
1.0000000000000009e-15
1.0000000000000009e-15
5.6366637266353e-15
2.094862118333008e-15
1.0000000000000009e-15
1.541611826091581e-15
1.0000000000000009e-15
1.0000000000000009e-15
2.126131975744152e-15
1.0000000000000009e-15
1.0000000000000009e-15
1.8022658469159364e-16
1.2197391702521642e-15
1.0000000000000009e-15
1.0000000000000009e-15
1.0000000000000009e-15
1.833881885216239e-14
2.712389474343964e-15
1.1189629243877554e-14
1.447149639169942e-14
1.8637677228291056e-14
2.1849956646665854e-14
2.2820059604862445e-16
1.0313427739999071e-14
7.192932580748897e-15
1.0000000000000009e-15
3.821915046108854e-15
1.0000000000000009e-15
7.870320303760813e-16
1.6471496391699423e-14
4.5611685261616665e-16
8.392500945250655e-16
1.819773415308408e-15
1.0000000000000009e-15
2.296948062590641e-16
2.1207996681131068e-15
2.1306120678326198e-15
4.670451114605531e-16
5.267693524247381e-17
3.0931136374144583e-16
2.690586752999869e-15
1.0000000000000009e-15
1.0000000000000009e-15
1.7094771331960184e-14
1.0000000000000009e-15
7.772487594116233e-15
5.7724875941162325e-15
1.0000000000000009e-15
1.1249316117108835e-15
5.553872172890312e-16
3.2036036990666686e-15
1.0000000000000009e-15
1.0000000000000009e-15
7.273765305680041e-16
2.483091988136116e-16
0.0
1.9776668020679427e-15
5.934273486543512e-17
5.228606035323475e-15
1.0000000000000009e-15
1.1534614920038192e-15
1.509477133196018e-14
8.547088528292967e-15
1.0000000000000009e-15
1.2555624656584738e-15
4.823369885630013e-15
1.6842837590339262e-16
1.0000000000000009e-15
1.0536880186914122e-15
4.968570890529118e-16
3.627492858972417e-24
1.203603699066667e-15
9.846750550980887e-15
1.0000000000000009e-15
8.146935278967166e-16
3.014760919554544e-15
6.16109845227775e-16
6.0705149816007976e-15
1.2499215444801349e-15
5.510412486465201e-15
4.070514981600797e-15
1.1086627419279615e-14
1.0000000000000009e-15
1.0000000000000009e-15
1.1976422209893462e-15
8.023577790106555e-16
1.0000000000000009e-15
1.2216527982305474e-15
1.0205684410855572e-16
8.377977632750038e-15
1.0000000000000009e-15
1.7359540076593884e-14
1.0000000000000009e-15
8.31161304655837e-18
2.507160151225229e-16
1.0000000000000009e-15
1.9916883869534434e-15
7.500784555198669e-16
1.0000000000000009e-15
9.548986282247759e-18
1.0000000000000009e-15
2.0721235753018876e-15
1.0000000000000009e-15
2.5218851178382803e-16
3.885940596324511e-15
1.0000000000000009e-15
1.244750964202519e-15
3.627492858972417e-24
3.2707707840397535e-17
5.028772657346998e-16
0.0
1.0000000000000009e-15
1.0000000000000009e-15
1.0000000000000009e-15
4.966453804029561e-15
3.0000000000000026e-15
1.0000000000000009e-15
4.0000000000000035e-15
1.0000000000000009e-15
1.0000000000000009e-15
6.137614565305247e-16
0.0
1.0000000000000009e-15
2.8901631736246524e-16
2.9664538040295595e-15
2.6856722287727708e-15
1.0000000000000009e-15
1.0007329738260593e-16
2.8001858283527604e-15
1.143479162596065e-16
1.0000000000000009e-15
1.0963074667260791e-14
1.0000000000000009e-15
7.735395151734532e-16
1.1501262210022075e-15
7.318537065579194e-15
9.358829880447353e-16
1.190463550586917e-15
1.0000000000000009e-15
1.0000000000000009e-15
1.0000000000000009e-15
4.938838702913383e-16
0.0
1.0000000000000009e-15
1.0000000000000009e-15
1.0000000000000009e-15
1.9366818366051397e-16
1.0000000000000009e-15
3.0434821261626847e-16
0.0
1.0000000000000009e-15
1.0000000000000009e-15
1.0000000000000009e-15
1.0000000000000009e-15
1.0000000000000009e-15
1.0000000000000009e-15
1.0000000000000009e-15
1.0000000000000009e-15
1.0000000000000009e-15
1.0000000000000009e-15
1.0000000000000009e-15
7.552490357974827e-16
4.685672228772772e-15
0.0
2.1143479162596082e-15
1.0000000000000009e-15
1.0000000000000009e-15
1.0000000000000009e-15
1.0433065976014063e-15
1.5991049494430186e-16
1.0000000000000009e-15
1.0000000000000009e-15
1.0000000000000009e-15
1.0000000000000009e-15
1.0000000000000009e-15
9.965528597490832e-15
1.0068738801745146e-14
4.463479591803071e-16
1.0000000000000009e-15
3.9048243316694445e-15
1.0000000000000009e-15
1.0000000000000009e-15
1.0000000000000009e-15
1.0000000000000009e-15
1.401717657213088e-15
9.471098121599648e-17
3.2907284562872956e-16
2.5762161756189712e-15
2.447620864411575e-15
4.476208644115731e-16
1.0000000000000009e-15
1.0000000000000009e-15
1.0000000000000009e-15
1.0000000000000009e-15
1.7314565721508728e-15
1.0000000000000009e-15
1.0000000000000009e-15
1.0000000000000009e-15
1.0000000000000009e-15
1.0000000000000009e-15
1.0000000000000009e-15
4.493446296192317e-16
1.0000000000000009e-15
1.0000000000000009e-15
1.0000000000000009e-15
1.0000000000000009e-15
8.738032176803316e-16
0.0
3.0000000000000026e-15
1.0000000000000009e-15
1.0000000000000009e-15
1.0000000000000009e-15
3.1880178163811567e-15
0.0
0.0
3.0000000000000026e-15
0.0
0.0
0.0
3.0000000000000026e-15
0.0
1.0000000000000009e-15
7.212357530188585e-17
1.0000000000000009e-15
1.0000000000000009e-15
1.0000000000000009e-15
1.0000000000000009e-15
1.0000000000000009e-15
1.0000000000000009e-15
1.0000000000000009e-15
1.0000000000000009e-15
1.0000000000000009e-15
1.0000000000000009e-15
1.0000000000000009e-15
1.0000000000000009e-15
1.0000000000000009e-15
1.0000000000000009e-15
1.0000000000000009e-15
1.0000000000000009e-15
1.0000000000000009e-15
1.0000000000000009e-15
1.0000000000000009e-15
1.0000000000000009e-15
1.0000000000000009e-15
1.0000000000000009e-15
1.0000000000000009e-15
3.0000000000000026e-15
1.0000000000000009e-15
1.0000000000000009e-15
1.0000000000000009e-15
1.0000000000000009e-15
1.0000000000000009e-15
1.0000000000000009e-15
1.0000000000000009e-15
1.0000000000000009e-15
1.0000000000000009e-15
1.0000000000000009e-15
1.0000000000000009e-15
1.0000000000000009e-15
1.0000000000000009e-15
1.0000000000000009e-15
1.0000000000000009e-15
1.0000000000000009e-15
1.0000000000000009e-15
1.0000000000000009e-15
