1.4173617985118325e-11
1.1868007015616362e-11
8.480649479954483e-12
8.480647479954481e-12
2.3489738227903894e-12
2.3489758227903897e-12
6.461409899168366e-13
8.673950710746262e-12
1.9156426875794445e-12
1.0183247931416095e-11
1.2415112243199885e-13
2.7217545140749038e-12
1.000000000000001e-18
3.04613616421548e-14
3.940252178166444e-13
3.1940593049230408e-12
3.4829787987822403e-13
5.2056190174546136e-12
1.8345621195824628e-12
6.461389899168367e-13
1.000000000000001e-18
1.000000000000001e-18
4.0969660669177126e-12
6.275839931105704e-12
1.000000000000001e-18
2.7640747885121605e-13
1.000000000000001e-18
1.000000000000001e-18
1.0125463055130928e-12
1.000000000000001e-18
1.000000000000001e-18
9.224167183270948e-13
2.509962493684445e-13
1.000000000000001e-18
1.000000000000001e-18
1.000000000000001e-18
6.08551660181018e-13
3.0459361642154794e-14
1.3972700823649694e-11
5.359580273402751e-12
9.229081590323754e-13
1.813231438012124e-12
1.1674579101898277e-12
4.318475665140807e-12
1.0194809535681005e-12
1.000000000000001e-18
2.1260920273116126e-12
1.000000000000001e-18
5.476448292194354e-13
5.359578273402752e-12
1.7949787671858475e-14
3.3291376676732375e-13
9.224147183270948e-13
1.000000000000001e-18
2.7252251958163875e-13
4.616599998000162e-13
3.823453396893506e-12
2.835103306335539e-14
1.0003475175410234e-13
1.1535443045085976e-14
6.420786174864247e-14
1.000000000000001e-18
1.000000000000001e-18
4.44073919261411e-12
1.000000000000001e-18
3.1430735208579043e-12
3.1430755208579046e-12
1.000000000000001e-18
2.3298724691274055e-13
1.7139794956606172e-12
2.0911935582513283e-12
1.000000000000001e-18
1.000000000000001e-18
2.0904993444641605e-12
9.852250766378543e-14
0.0
1.9294469357414607e-12
1.843091716608463e-12
1.0989079198786627e-12
1.000000000000001e-18
3.6872152962694945e-13
4.44073719261411e-12
9.376597046620504e-13
1.000000000000001e-18
1.1045811640035777e-13
6.997751380413888e-13
4.801819017200461e-12
1.000000000000001e-18
1.790811687245064e-13
4.493243252087842e-13
1.8035725056064195e-24
2.091191558251328e-12
6.470814696401693e-13
1.000000000000001e-18
1.077112879537052e-13
6.30923676492375e-13
3.8437787142167943e-13
9.842266454438965e-13
7.572357450299312e-14
2.627958577894017e-12
9.842246454438965e-13
4.494140806748353e-13
1.000000000000001e-18
1.000000000000001e-18
2.7044096111902086e-13
2.704429611190209e-13
1.000000000000001e-18
1.5465498971126277e-13
9.494034413048871e-14
3.5897296447861584e-14
1.000000000000001e-18
6.933186307616657e-13
1.000000000000001e-18
1.000000000000001e-18
1.5466303683498187e-12
1.3745260814358856e-13
1.000000000000001e-18
1.5466323683498187e-12
7.572557450299311e-14
1.000000000000001e-18
1.172397407953441e-12
1.000000000000001e-18
2.5156075755510337e-13
1.000000000000001e-18
9.727215737416274e-14
2.558704624195941e-12
1.000000000000001e-18
6.900460715014983e-14
1.8035725056064195e-24
8.415389361070731e-14
1.9492864641429747e-13
0.0
1.000000000000001e-18
1.000000000000001e-18
1.000000000000001e-18
1.8392426905685663e-12
3.0000000000000033e-18
1.000000000000001e-18
4.000000000000004e-18
1.000000000000001e-18
1.000000000000001e-18
1.655713187374017e-13
1.6442884828051615e-13
0.0
1.000000000000001e-18
9.979319988716328e-14
1.839240690568566e-12
1.5241946316322173e-13
1.000000000000001e-18
8.690310611191104e-14
7.954628803583073e-13
2.652977102601865e-13
1.000000000000001e-18
4.2425994355329184e-13
1.000000000000001e-18
1.4088962203165978e-13
1.25657359410061e-12
1.5945492644538871e-12
3.678369580756692e-13
3.940232178166444e-13
1.000000000000001e-18
1.000000000000001e-18
1.000000000000001e-18
2.9321886517141814e-14
0.0
1.000000000000001e-18
1.000000000000001e-18
1.000000000000001e-18
1.0069029740636226e-13
5.885857940318724e-14
1.000000000000001e-18
1.0021798653022522e-13
0.0
1.000000000000001e-18
1.000000000000001e-18
1.000000000000001e-18
1.000000000000001e-18
1.000000000000001e-18
1.000000000000001e-18
1.000000000000001e-18
1.000000000000001e-18
1.000000000000001e-18
1.000000000000001e-18
1.000000000000001e-18
6.900660715014983e-14
1.5241746316322174e-13
0.0
2.6529971026018653e-13
1.000000000000001e-18
1.000000000000001e-18
1.000000000000001e-18
3.140397342983525e-14
8.962599380474778e-14
1.000000000000001e-18
1.000000000000001e-18
1.000000000000001e-18
1.000000000000001e-18
1.000000000000001e-18
8.672448730163034e-13
1.6507637950509955e-12
7.419231551528083e-13
1.000000000000001e-18
2.820934566080574e-13
1.000000000000001e-18
1.000000000000001e-18
1.000000000000001e-18
1.000000000000001e-18
3.814617101856786e-13
1.8613190311801535e-15
1.28529154931401e-13
1.3038747396132868e-13
6.900660715014983e-14
6.900460715014983e-14
1.000000000000001e-18
1.000000000000001e-18
1.000000000000001e-18
1.000000000000001e-18
1.3453244690730923e-13
1.000000000000001e-18
1.000000000000001e-18
1.000000000000001e-18
1.000000000000001e-18
1.000000000000001e-18
1.000000000000001e-18
1.000000000000001e-18
1.7638895172814523e-14
1.000000000000001e-18
1.000000000000001e-18
1.000000000000001e-18
1.000000000000001e-18
2.5310737194929426e-13
0.0
3.0000000000000033e-18
1.000000000000001e-18
1.000000000000001e-18
1.000000000000001e-18
5.016338712060062e-13
0.0
0.0
3.0000000000000033e-18
0.0
0.0
0.0
3.0000000000000033e-18
0.0
1.000000000000001e-18
2.515627575551034e-13
1.000000000000001e-18
1.000000000000001e-18
1.000000000000001e-18
1.000000000000001e-18
1.000000000000001e-18
1.000000000000001e-18
1.000000000000001e-18
1.000000000000001e-18
1.000000000000001e-18
1.000000000000001e-18
1.000000000000001e-18
1.000000000000001e-18
1.000000000000001e-18
1.000000000000001e-18
1.000000000000001e-18
1.000000000000001e-18
1.000000000000001e-18
1.000000000000001e-18
1.000000000000001e-18
1.000000000000001e-18
1.000000000000001e-18
1.000000000000001e-18
1.000000000000001e-18
3.0000000000000033e-18
1.000000000000001e-18
1.000000000000001e-18
1.000000000000001e-18
1.000000000000001e-18
1.000000000000001e-18
1.000000000000001e-18
1.000000000000001e-18
1.000000000000001e-18
1.000000000000001e-18
1.000000000000001e-18
1.000000000000001e-18
1.000000000000001e-18
1.000000000000001e-18
1.000000000000001e-18
1.000000000000001e-18
1.000000000000001e-18
1.000000000000001e-18
1.000000000000001e-18
