2.521396995015357e-12
5.7477983146532824e-12
1.0500222115233867e-12
1.0500422115233866e-12
2.9370230717298116e-13
2.937223071729812e-13
2.4543646017631217e-14
1.028658300122529e-11
1.5124361256750514e-12
5.222816920173419e-12
5.799712171624588e-12
2.2561979889615305e-12
1.000000000000001e-17
1.473739714377097e-13
1.520839860801425e-13
4.538754686651417e-12
2.19216073570419e-12
7.360157159060913e-12
2.706730266067854e-12
2.4523646017631214e-14
1.000000000000001e-17
1.000000000000001e-17
2.491162141182672e-12
7.422009443075697e-12
1.000000000000001e-17
3.5069700241239965e-13
1.000000000000001e-17
1.000000000000001e-17
7.984564327742607e-13
1.000000000000001e-17
1.000000000000001e-17
5.220310861317957e-13
1.7935147899014636e-13
1.000000000000001e-17
1.000000000000001e-17
1.000000000000001e-17
3.5387468192098763e-13
1.473539714377097e-13
4.024354482191254e-12
4.901693158201523e-12
6.38186370297086e-13
3.5124909564457874e-12
8.961461271623306e-13
3.047933534711326e-12
1.3266705951280485e-12
1.000000000000001e-17
2.276602417100447e-12
1.000000000000001e-17
3.7463258404239914e-13
4.901673158201523e-12
1.7531517507322497e-14
1.185851193446287e-13
5.220110861317956e-13
1.000000000000001e-17
7.791118057181833e-14
4.660868022466177e-13
6.930033245722715e-13
2.0882159770804133e-14
7.916354801879659e-14
8.496131136108582e-15
1.6497421021033376e-13
1.000000000000001e-17
1.000000000000001e-17
1.7137612521359083e-12
1.000000000000001e-17
3.2680745779924006e-12
3.2680545779924004e-12
1.000000000000001e-17
5.103721258609264e-13
1.0013422702872638e-12
5.460321459960389e-13
1.000000000000001e-17
1.000000000000001e-17
2.311474139848358e-12
7.804933384124059e-14
0.0
2.9044739560457574e-13
1.4275773409984333e-12
3.799611289326231e-13
1.000000000000001e-17
2.014831197595313e-13
1.7137412521359084e-12
9.047180229525501e-14
1.000000000000001e-17
8.134877494903343e-14
2.429763237041188e-13
3.490515500416048e-13
1.000000000000001e-17
5.511859470899669e-13
2.9146902071967285e-13
1.803572505644938e-23
5.460121459960389e-13
9.485449644739824e-14
1.000000000000001e-17
8.511350466300042e-14
5.831011052066919e-13
1.3845817271365242e-13
1.1678013548823307e-12
2.900680469987358e-14
6.018258836974152e-13
1.1677813548823308e-12
1.7226399810682008e-12
1.000000000000001e-17
1.000000000000001e-17
3.617874600124151e-13
3.6180746001241516e-13
1.000000000000001e-17
1.2981195271190861e-12
7.46414325689921e-14
2.6293957416802084e-13
1.000000000000001e-17
4.475392173862751e-13
1.000000000000001e-17
1.000000000000001e-17
8.718128833894601e-13
1.1496893445632073e-13
1.000000000000001e-17
8.717928833894601e-13
2.898680469987358e-14
1.000000000000001e-17
1.3586724715734806e-12
1.000000000000001e-17
4.6227102476493084e-14
1.000000000000001e-17
7.712906260057401e-14
1.270843332067891e-13
1.000000000000001e-17
1.2748069746007146e-14
1.8166096448232827e-24
6.617483000964811e-14
1.532390064257538e-13
0.0
1.000000000000001e-17
1.000000000000001e-17
1.000000000000001e-17
1.0377988291077557e-12
3.000000000000003e-17
1.000000000000001e-17
4.000000000000004e-17
1.000000000000001e-17
1.000000000000001e-17
1.4019620168414927e-13
1.2924974893858383e-13
0.0
1.000000000000001e-17
7.898579122302882e-14
1.0377788291077559e-12
3.059019367392466e-13
1.000000000000001e-17
6.949166297286196e-14
8.019471910451946e-14
5.392769847779271e-14
1.000000000000001e-17
3.6101621217102034e-12
1.000000000000001e-17
2.336629211144243e-13
2.9228529104195524e-13
1.3381885019990205e-13
2.1142611707911187e-13
1.5206398608014252e-13
1.000000000000001e-17
1.000000000000001e-17
1.000000000000001e-17
2.3006672160264742e-14
0.0
1.000000000000001e-17
1.000000000000001e-17
1.000000000000001e-17
7.964645197821703e-14
5.650609550079762e-14
1.000000000000001e-17
3.5754461275361685e-14
0.0
1.000000000000001e-17
1.000000000000001e-17
1.000000000000001e-17
1.000000000000001e-17
1.000000000000001e-17
1.000000000000001e-17
1.000000000000001e-17
1.000000000000001e-17
1.000000000000001e-17
1.000000000000001e-17
1.000000000000001e-17
1.2728069746007146e-14
3.058819367392466e-13
0.0
5.3907698477792715e-14
1.000000000000001e-17
1.000000000000001e-17
1.000000000000001e-17
7.222683726915064e-13
7.114991981916368e-14
1.000000000000001e-17
1.000000000000001e-17
1.000000000000001e-17
1.000000000000001e-17
1.000000000000001e-17
1.1186050158585261e-12
1.831162012276084e-13
4.1691064225831604e-13
1.000000000000001e-17
3.2058615498322363e-13
1.000000000000001e-17
1.000000000000001e-17
1.000000000000001e-17
1.000000000000001e-17
3.6614676828334963e-13
9.11436770548286e-15
1.5978214176914006e-14
6.8938464767448124e-15
1.2728069746007146e-14
1.2748069746007146e-14
1.000000000000001e-17
1.000000000000001e-17
1.000000000000001e-17
1.000000000000001e-17
6.195338754569359e-13
1.000000000000001e-17
1.000000000000001e-17
1.000000000000001e-17
1.000000000000001e-17
1.000000000000001e-17
1.000000000000001e-17
1.000000000000001e-17
1.7300205236937172e-14
1.000000000000001e-17
1.000000000000001e-17
1.000000000000001e-17
1.000000000000001e-17
5.641087460686855e-13
0.0
3.000000000000003e-17
1.000000000000001e-17
1.000000000000001e-17
1.000000000000001e-17
4.057806833659467e-14
0.0
0.0
3.000000000000003e-17
0.0
0.0
0.0
3.000000000000003e-17
0.0
1.000000000000001e-17
4.624710247649308e-14
1.000000000000001e-17
1.000000000000001e-17
1.000000000000001e-17
1.000000000000001e-17
1.000000000000001e-17
1.000000000000001e-17
1.000000000000001e-17
1.000000000000001e-17
1.000000000000001e-17
1.000000000000001e-17
1.000000000000001e-17
1.000000000000001e-17
1.000000000000001e-17
1.000000000000001e-17
1.000000000000001e-17
1.000000000000001e-17
1.000000000000001e-17
1.000000000000001e-17
1.000000000000001e-17
1.000000000000001e-17
1.000000000000001e-17
1.000000000000001e-17
1.000000000000001e-17
3.000000000000003e-17
1.000000000000001e-17
1.000000000000001e-17
1.000000000000001e-17
1.000000000000001e-17
1.000000000000001e-17
1.000000000000001e-17
1.000000000000001e-17
1.000000000000001e-17
1.000000000000001e-17
1.000000000000001e-17
1.000000000000001e-17
1.000000000000001e-17
1.000000000000001e-17
1.000000000000001e-17
1.000000000000001e-17
1.000000000000001e-17
1.000000000000001e-17
1.000000000000001e-17
