2.6001587184465725e-12
1.0436500669159152e-11
2.5479931576052005e-12
2.5279931576052e-12
1.6899975999932012e-13
1.8899975999932014e-13
1.869804476342503e-13
1.144958633071505e-11
4.992705765962579e-12
3.7975040696701315e-12
1.16426577511309e-12
8.953338460263689e-13
1.0000000000000008e-14
5.544008840634349e-14
5.6807707842442915e-14
9.830856614434013e-13
2.1027001984939537e-12
2.223369072935317e-12
4.2557982349665784e-13
1.669804476342503e-13
1.0000000000000008e-14
1.0000000000000008e-14
3.1227686575658166e-14
1.6710125638994926e-13
1.0000000000000008e-14
3.8152968347981575e-13
1.0000000000000008e-14
1.0000000000000008e-14
2.964776896551912e-13
1.0000000000000008e-14
1.0000000000000008e-14
2.1782738959434088e-13
2.2337698784788592e-13
1.0000000000000008e-14
1.0000000000000008e-14
1.0000000000000008e-14
5.090108475905529e-13
3.544008840634347e-14
2.9798929072160977e-12
1.1269128692628412e-12
7.73337268104035e-13
4.698322682535752e-13
4.2234417056177427e-13
7.339016676661584e-13
8.203970526101455e-13
1.0000000000000008e-14
7.334201990315543e-13
1.0000000000000008e-14
3.2344256266839567e-13
1.1469128692628411e-12
3.384451881149603e-14
1.68034760019113e-13
2.378273895943409e-13
1.0000000000000008e-14
1.9173000539324363e-13
3.906716501159845e-13
9.478204559229354e-13
2.6427950442778915e-14
1.0387653443015092e-13
1.0753065431427804e-14
1.3826701163280454e-13
1.0000000000000008e-14
1.0000000000000008e-14
3.372609339207569e-13
1.0000000000000008e-14
2.2289998954588699e-13
2.42899989545887e-13
1.0000000000000008e-14
1.3631900304261303e-14
1.4365198539158065e-12
3.8427453206205365e-13
1.0000000000000008e-14
1.0000000000000008e-14
6.259987108597742e-13
1.024670046544509e-13
0.0
3.7050238513942444e-13
3.7162598203673697e-13
1.5675432375533273e-13
1.0000000000000008e-14
2.7225416239085084e-13
3.1726093392075686e-13
2.365197146487966e-12
1.0000000000000008e-14
1.0296078860237674e-13
3.324648669601594e-13
8.393457593965495e-14
1.0000000000000008e-14
4.087402827225332e-13
4.637752189481561e-13
1.6664629824808698e-23
3.6427453206205363e-13
4.670043083634557e-13
1.0000000000000008e-14
1.1202722003325706e-13
6.392779818719608e-13
3.4337546329423576e-14
6.519932182169832e-13
6.631060157661326e-14
5.627579490731071e-13
6.319932182169833e-13
1.947570662858566e-15
1.0000000000000008e-14
1.0000000000000008e-14
5.261387224935121e-14
3.261387224935119e-14
1.0000000000000008e-14
9.702827716719473e-14
9.65436426240177e-14
1.730397497960882e-13
1.0000000000000008e-14
8.033352943176236e-13
1.0000000000000008e-14
1.0000000000000008e-14
1.1307130081212076e-12
1.7234596013447778e-13
1.0000000000000008e-14
1.1507130081212075e-12
4.631060157661324e-14
1.0000000000000008e-14
3.578008595231589e-13
1.0000000000000008e-14
7.76494674537352e-14
1.0000000000000008e-14
1.0129948760140661e-13
1.2059551665984576e-13
1.0000000000000008e-14
4.6699607016293493e-14
3.9583651828797183e-23
8.475016627237481e-14
1.9860680263638351e-13
0.0
1.0000000000000008e-14
1.0000000000000008e-14
1.0000000000000008e-14
7.817032703473832e-13
3.0000000000000024e-14
1.0000000000000008e-14
4.000000000000003e-14
1.0000000000000008e-14
1.0000000000000008e-14
2.1398291863136944e-13
1.6903327361445592e-13
0.0
1.0000000000000008e-14
1.0364991060460122e-13
7.617032703473832e-13
4.559095591121943e-13
1.0000000000000008e-14
9.163431497624221e-14
3.529015330712855e-14
8.973168830385828e-14
1.0000000000000008e-14
2.6252731793141235e-14
1.0000000000000008e-14
5.899050935200219e-14
1.458357933293662e-13
2.1711585094900514e-13
7.953201093058217e-14
7.680770784244293e-14
1.0000000000000008e-14
1.0000000000000008e-14
1.0000000000000008e-14
3.2055384676346207e-14
0.0
1.0000000000000008e-14
1.0000000000000008e-14
1.0000000000000008e-14
1.0448735840753557e-13
1.054067177148673e-13
1.0000000000000008e-14
7.662619863218686e-16
0.0
1.0000000000000008e-14
1.0000000000000008e-14
1.0000000000000008e-14
1.0000000000000008e-14
1.0000000000000008e-14
1.0000000000000008e-14
1.0000000000000008e-14
1.0000000000000008e-14
1.0000000000000008e-14
1.0000000000000008e-14
1.0000000000000008e-14
6.669960701629351e-14
4.759095591121942e-13
0.0
6.973168830385826e-14
1.0000000000000008e-14
1.0000000000000008e-14
1.0000000000000008e-14
1.5467608862176618e-13
9.300413623013985e-14
1.0000000000000008e-14
1.0000000000000008e-14
1.0000000000000008e-14
1.0000000000000008e-14
1.0000000000000008e-14
6.947967336950485e-13
4.519484301576266e-13
5.278152989730593e-13
1.0000000000000008e-14
5.708433190451111e-13
1.0000000000000008e-14
1.0000000000000008e-14
1.0000000000000008e-14
1.0000000000000008e-14
7.698534932591167e-14
2.4463376431611198e-14
9.500633721989574e-14
8.946971365235025e-14
8.623953224969626e-14
6.623953224969625e-14
1.0000000000000008e-14
1.0000000000000008e-14
1.0000000000000008e-14
1.0000000000000008e-14
1.7499376313369764e-13
1.0000000000000008e-14
1.0000000000000008e-14
1.0000000000000008e-14
1.0000000000000008e-14
1.0000000000000008e-14
1.0000000000000008e-14
1.0000000000000008e-14
3.357696936670774e-14
1.0000000000000008e-14
1.0000000000000008e-14
1.0000000000000008e-14
1.0000000000000008e-14
8.259931007561019e-14
0.0
3.0000000000000024e-14
1.0000000000000008e-14
1.0000000000000008e-14
1.0000000000000008e-14
5.199797921865308e-13
0.0
0.0
3.0000000000000024e-14
0.0
0.0
0.0
3.0000000000000024e-14
0.0
1.0000000000000008e-14
5.764946745373519e-14
1.0000000000000008e-14
1.0000000000000008e-14
1.0000000000000008e-14
1.0000000000000008e-14
1.0000000000000008e-14
1.0000000000000008e-14
1.0000000000000008e-14
1.0000000000000008e-14
1.0000000000000008e-14
1.0000000000000008e-14
1.0000000000000008e-14
1.0000000000000008e-14
1.0000000000000008e-14
1.0000000000000008e-14
1.0000000000000008e-14
1.0000000000000008e-14
1.0000000000000008e-14
1.0000000000000008e-14
1.0000000000000008e-14
1.0000000000000008e-14
1.0000000000000008e-14
1.0000000000000008e-14
1.0000000000000008e-14
3.0000000000000024e-14
1.0000000000000008e-14
1.0000000000000008e-14
1.0000000000000008e-14
1.0000000000000008e-14
1.0000000000000008e-14
1.0000000000000008e-14
1.0000000000000008e-14
1.0000000000000008e-14
1.0000000000000008e-14
1.0000000000000008e-14
1.0000000000000008e-14
1.0000000000000008e-14
1.0000000000000008e-14
1.0000000000000008e-14
1.0000000000000008e-14
1.0000000000000008e-14
1.0000000000000008e-14
1.0000000000000008e-14
