1.3836333172030537e-14
2.066892792647803e-14
2.8605171217446652e-15
1.2860517121744673e-14
3.967870841671482e-14
4.967870841671483e-14
1.1707741509388039e-14
7.32409053249383e-15
7.106132952608564e-14
3.697863486240949e-15
4.225258988640958e-15
3.646019817968288e-16
5.000000000000004e-15
2.2295962823149368e-14
7.913949219086871e-15
1.6551622157933577e-15
3.351483685160169e-14
5.681802064476162e-17
6.374216571155188e-17
1.707741509388031e-15
5.000000000000004e-15
5.000000000000004e-15
1.6404362504553764e-14
1.4313775369813524e-15
5.000000000000004e-15
1.7013518348569695e-14
5.000000000000004e-15
5.000000000000004e-15
9.479512713610909e-18
5.000000000000004e-15
5.000000000000004e-15
1.822747496364267e-14
1.5924484419632322e-15
5.000000000000004e-15
5.000000000000004e-15
5.000000000000004e-15
1.7034336482810572e-14
1.229596282314936e-14
5.960009534941006e-14
3.172865302368523e-14
2.540834899354307e-14
3.6661636721478225e-14
3.5373709076594544e-15
6.26506207189924e-14
6.393893666027851e-16
5.000000000000004e-15
1.981209854026292e-14
5.000000000000004e-15
1.606681485904969e-14
4.172865302368524e-14
6.589678871493992e-16
1.331821128533701e-14
2.822747496364268e-14
5.000000000000004e-15
3.4132277959652613e-16
7.079250950771516e-15
7.026249618289257e-14
6.218638264774413e-16
1.0516787111499462e-16
4.1259906472492717e-16
1.5208907967516336e-14
5.000000000000004e-15
5.000000000000004e-15
4.210205950460886e-14
5.000000000000004e-15
2.781904067916809e-15
1.2781904067916817e-14
5.000000000000004e-15
4.05315084089318e-15
4.458893297350104e-15
7.360762271509573e-15
5.000000000000004e-15
5.000000000000004e-15
1.1203427439068154e-15
3.661826667078723e-16
0.0
1.3728786286791215e-14
8.45417515967286e-15
5.096953203536802e-15
5.000000000000004e-15
3.3682291666372604e-15
3.210205950460885e-14
2.6324795029574165e-16
5.000000000000004e-15
1.6718924876319271e-15
8.496651084304535e-16
2.7258416951034637e-14
5.000000000000004e-15
2.518910490288006e-14
6.137390372133851e-15
3.4802094514101235e-23
2.6392377284904345e-15
1.3920087883714193e-14
5.000000000000004e-15
9.156916589789176e-16
4.430903328406362e-15
9.03465334557351e-16
1.654481099630169e-14
9.318052595372689e-15
2.1802373398291013e-14
6.5448109963016826e-15
1.3474079944292887e-13
5.000000000000004e-15
5.000000000000004e-15
6.879864742010763e-15
3.120135257989245e-15
5.000000000000004e-15
2.6397439496694096e-15
1.5473494274542602e-16
3.780863879017589e-14
5.000000000000004e-15
2.852696933145142e-14
5.000000000000004e-15
5.905759043975787e-17
3.4615434700920064e-16
5.000000000000004e-15
1.0059057590439766e-14
6.819474046273189e-16
5.000000000000004e-15
2.170048104680619e-14
5.000000000000004e-15
1.156881247728784e-14
5.000000000000004e-15
3.714676783779664e-16
7.58809308994441e-15
5.000000000000004e-15
1.106866120068367e-14
1.1520019788868315e-23
5.953097043067016e-17
7.223117886779048e-16
0.0
5.000000000000004e-15
5.000000000000004e-15
5.000000000000004e-15
2.203380289666105e-14
1.5000000000000012e-14
5.000000000000004e-15
2.0000000000000016e-14
5.000000000000004e-15
5.000000000000004e-15
8.63471489613042e-16
0.0
5.000000000000004e-15
4.205570955449463e-16
1.2033802896661042e-14
4.542688959755586e-15
5.000000000000004e-15
9.779925791564279e-17
6.202771803205856e-15
4.619343230266739e-16
5.000000000000004e-15
3.125919671231212e-14
5.000000000000004e-15
4.3523516567824804e-15
1.6292866832975447e-14
1.4061438578047508e-14
1.6069066083905296e-14
2.0860507809131364e-15
5.000000000000004e-15
5.000000000000004e-15
5.000000000000004e-15
6.811388967989761e-16
0.0
5.000000000000004e-15
5.000000000000004e-15
5.000000000000004e-15
2.932671467201418e-16
5.000000000000004e-15
1.0723794635638712e-15
0.0
5.000000000000004e-15
5.000000000000004e-15
5.000000000000004e-15
5.000000000000004e-15
5.000000000000004e-15
5.000000000000004e-15
5.000000000000004e-15
5.000000000000004e-15
5.000000000000004e-15
5.000000000000004e-15
5.000000000000004e-15
1.0686612006836616e-15
1.4542688959755594e-14
0.0
9.538065676973334e-15
5.000000000000004e-15
5.000000000000004e-15
5.000000000000004e-15
1.6112680250540523e-14
2.4341706198799975e-16
5.000000000000004e-15
5.000000000000004e-15
5.000000000000004e-15
5.000000000000004e-15
5.000000000000004e-15
7.079340174350388e-14
3.4640566617459054e-14
7.486812711931614e-15
5.000000000000004e-15
1.5925245067733168e-14
5.000000000000004e-15
5.000000000000004e-15
5.000000000000004e-15
5.000000000000004e-15
3.2629611594618772e-15
1.7610771798338678e-16
6.719790320402883e-16
1.4151913247685358e-14
8.065078028676066e-15
1.934921971323942e-15
5.000000000000004e-15
5.000000000000004e-15
5.000000000000004e-15
5.000000000000004e-15
1.548741900478356e-14
5.000000000000004e-15
5.000000000000004e-15
5.000000000000004e-15
5.000000000000004e-15
5.000000000000004e-15
5.000000000000004e-15
6.49276320186329e-16
5.000000000000004e-15
5.000000000000004e-15
5.000000000000004e-15
5.000000000000004e-15
1.1408253587178963e-14
0.0
1.5000000000000012e-14
5.000000000000004e-15
5.000000000000004e-15
5.000000000000004e-15
1.7468696818801024e-15
0.0
0.0
1.5000000000000012e-14
0.0
0.0
0.0
1.5000000000000012e-14
0.0
5.000000000000004e-15
1.5688124772878322e-15
5.000000000000004e-15
5.000000000000004e-15
5.000000000000004e-15
5.000000000000004e-15
5.000000000000004e-15
5.000000000000004e-15
5.000000000000004e-15
5.000000000000004e-15
5.000000000000004e-15
5.000000000000004e-15
5.000000000000004e-15
5.000000000000004e-15
5.000000000000004e-15
5.000000000000004e-15
5.000000000000004e-15
5.000000000000004e-15
5.000000000000004e-15
5.000000000000004e-15
5.000000000000004e-15
5.000000000000004e-15
5.000000000000004e-15
5.000000000000004e-15
5.000000000000004e-15
1.5000000000000012e-14
5.000000000000004e-15
5.000000000000004e-15
5.000000000000004e-15
5.000000000000004e-15
5.000000000000004e-15
5.000000000000004e-15
5.000000000000004e-15
5.000000000000004e-15
5.000000000000004e-15
5.000000000000004e-15
5.000000000000004e-15
5.000000000000004e-15
5.000000000000004e-15
5.000000000000004e-15
5.000000000000004e-15
5.000000000000004e-15
5.000000000000004e-15
5.000000000000004e-15
