5.93128505316933e-13
2.680876128398894e-12
1.9040938842524183e-12
1.894093884252418e-12
2.189804690899739e-12
2.1998046908997392e-12
1.1257667857690137e-13
2.6774221589260734e-12
4.6171792243166386e-14
5.025234826829416e-13
1.1822907268837652e-13
1.282321839791161e-13
5.000000000000004e-15
3.410836497357386e-13
1.4822000836774928e-14
1.845396961840452e-14
2.171218010209094e-12
1.617924198824353e-12
4.265092471284062e-13
1.0257667857690136e-13
5.000000000000004e-15
5.000000000000004e-15
7.603688811138942e-13
1.0207663110109604e-12
5.000000000000004e-15
7.778977596704039e-13
5.000000000000004e-15
5.000000000000004e-15
7.884227596048104e-13
5.000000000000004e-15
5.000000000000004e-15
1.9308260538296324e-13
1.74363275397673e-13
5.000000000000004e-15
5.000000000000004e-15
5.000000000000004e-15
2.667513422526382e-13
3.5108364973573856e-13
2.8907686547863863e-12
2.5014785362678995e-12
4.201392094966495e-13
8.524613258029238e-13
8.502644141504017e-13
1.2740976426104679e-12
7.900850631169434e-13
5.000000000000004e-15
6.9561968245992e-13
5.000000000000004e-15
2.0747215776554476e-13
2.4914785362678993e-12
1.921312662811292e-14
3.4139480699112744e-13
2.0308260538296325e-13
5.000000000000004e-15
1.7160640631344828e-13
2.069504367240985e-13
8.927394620153818e-14
2.022926309334589e-14
7.612104272390018e-14
8.230998321997917e-15
4.781543685480514e-14
5.000000000000004e-15
5.000000000000004e-15
6.550828579825708e-13
5.000000000000004e-15
1.2231299204515558e-12
1.2131299204515556e-12
5.000000000000004e-15
1.1399558641608981e-13
6.622876632787554e-13
5.075379413814352e-13
5.000000000000004e-15
5.000000000000004e-15
7.538307844070842e-13
7.504189248771654e-14
0.0
9.281305686550776e-14
4.2346007858870616e-13
2.417686292190109e-13
5.000000000000004e-15
4.189181638881414e-13
6.450828579825708e-13
1.892044284327728e-12
5.000000000000004e-15
7.879715339181533e-14
2.2057820630698055e-13
3.5680545512674676e-13
5.000000000000004e-15
5.635316637368995e-13
2.9916527096208656e-13
1.5938524382319829e-24
4.975379413814352e-13
4.254111130241787e-13
5.000000000000004e-15
8.188988984666917e-14
5.672720943396537e-13
4.601850592232936e-13
2.9729209404481147e-13
3.832132793229316e-15
1.312634626172996e-13
2.872920940448115e-13
2.739928483119518e-13
5.000000000000004e-15
5.000000000000004e-15
8.325983102322806e-15
1.6740168976772023e-15
5.000000000000004e-15
2.0183013521032465e-13
7.172295776952471e-14
3.4035667647855695e-16
5.000000000000004e-15
4.076627854513419e-13
5.000000000000004e-15
5.000000000000004e-15
6.699252101441946e-13
1.1536162521351817e-13
5.000000000000004e-15
6.599252101441946e-13
1.3832132793229324e-14
5.000000000000004e-15
3.0582150686696523e-13
5.000000000000004e-15
2.4250591136578024e-14
5.000000000000004e-15
7.414908847154947e-14
1.244238161669984e-14
5.000000000000004e-15
5.850741457443096e-14
8.332314912404349e-24
6.351289710928541e-14
1.4728800453727072e-13
0.0
5.000000000000004e-15
5.000000000000004e-15
5.000000000000004e-15
1.022025891857112e-13
1.5000000000000012e-14
5.000000000000004e-15
2.0000000000000016e-14
5.000000000000004e-15
5.000000000000004e-15
1.3606701723148326e-13
1.2434671218587018e-13
0.0
5.000000000000004e-15
7.594804877949264e-14
9.22025891857112e-14
7.107376583838556e-15
5.000000000000004e-15
6.675002338762221e-14
5.413756736781103e-14
6.203999668882517e-14
5.000000000000004e-15
3.6408207544643205e-13
5.000000000000004e-15
2.045933878629304e-13
1.5013124319553622e-13
1.6476068358058628e-13
3.436122794640532e-14
2.4822000836774936e-14
5.000000000000004e-15
5.000000000000004e-15
5.000000000000004e-15
2.2315962541422787e-14
0.0
5.000000000000004e-15
5.000000000000004e-15
5.000000000000004e-15
7.658867839347766e-14
5.5596911460194434e-14
5.000000000000004e-15
6.153127533138403e-14
0.0
5.000000000000004e-15
5.000000000000004e-15
5.000000000000004e-15
5.000000000000004e-15
5.000000000000004e-15
5.000000000000004e-15
5.000000000000004e-15
5.000000000000004e-15
5.000000000000004e-15
5.000000000000004e-15
5.000000000000004e-15
6.850741457443097e-14
1.7107376583838564e-14
0.0
7.203999668882518e-14
5.000000000000004e-15
5.000000000000004e-15
5.000000000000004e-15
4.339858633729189e-14
6.834990959694081e-14
5.000000000000004e-15
5.000000000000004e-15
5.000000000000004e-15
5.000000000000004e-15
5.000000000000004e-15
3.964847272862963e-14
4.1035320229330947e-13
1.3576090227900566e-14
5.000000000000004e-15
3.202607957314472e-13
5.000000000000004e-15
5.000000000000004e-15
5.000000000000004e-15
5.000000000000004e-15
3.296701176248501e-13
8.690117228513778e-15
1.710544420708856e-14
2.3415326981019178e-14
7.916555561083247e-14
6.916555561083246e-14
5.000000000000004e-15
5.000000000000004e-15
5.000000000000004e-15
5.000000000000004e-15
3.5153316384309017e-14
5.000000000000004e-15
5.000000000000004e-15
5.000000000000004e-15
5.000000000000004e-15
5.000000000000004e-15
5.000000000000004e-15
5.000000000000004e-15
1.899797532522934e-14
5.000000000000004e-15
5.000000000000004e-15
5.000000000000004e-15
5.000000000000004e-15
1.3244657592668853e-13
0.0
1.5000000000000012e-14
5.000000000000004e-15
5.000000000000004e-15
5.000000000000004e-15
3.7132845636564556e-13
0.0
0.0
1.5000000000000012e-14
0.0
0.0
0.0
1.5000000000000012e-14
0.0
5.000000000000004e-15
3.425059113657803e-14
5.000000000000004e-15
5.000000000000004e-15
5.000000000000004e-15
5.000000000000004e-15
5.000000000000004e-15
5.000000000000004e-15
5.000000000000004e-15
5.000000000000004e-15
5.000000000000004e-15
5.000000000000004e-15
5.000000000000004e-15
5.000000000000004e-15
5.000000000000004e-15
5.000000000000004e-15
5.000000000000004e-15
5.000000000000004e-15
5.000000000000004e-15
5.000000000000004e-15
5.000000000000004e-15
5.000000000000004e-15
5.000000000000004e-15
5.000000000000004e-15
5.000000000000004e-15
1.5000000000000012e-14
5.000000000000004e-15
5.000000000000004e-15
5.000000000000004e-15
5.000000000000004e-15
5.000000000000004e-15
5.000000000000004e-15
5.000000000000004e-15
5.000000000000004e-15
5.000000000000004e-15
5.000000000000004e-15
5.000000000000004e-15
5.000000000000004e-15
5.000000000000004e-15
5.000000000000004e-15
5.000000000000004e-15
5.000000000000004e-15
5.000000000000004e-15
5.000000000000004e-15
